KxK: 150 maximal facets; cover with 3 domains (SC_strict <= 2)

--- domain 0  (65 facets) ---
  facet   1: (0,0) (0,1) (1,1) (1,2) (2,2)
  facet   2: (0,0) (1,0) (1,1) (1,2) (2,2)
  facet   3: (0,0) (0,1) (1,1) (2,1) (2,2)
  facet   4: (0,0) (1,0) (1,1) (2,1) (2,2)
  facet   8: (0,1) (1,1) (1,2) (1,3) (2,3)
  facet  10: (0,1) (1,1) (1,2) (2,2) (2,3)
  facet  11: (0,1) (1,1) (2,1) (2,2) (2,3)
  facet  12: (0,2) (0,3) (0,4) (1,4) (2,4)
  facet  18: (0,0) (0,3) (0,4) (1,4) (2,4)
  facet  24: (0,0) (0,1) (0,4) (1,4) (2,4)
  facet  25: (0,0) (0,1) (1,1) (1,4) (2,4)
  facet  26: (0,0) (1,0) (1,1) (1,4) (2,4)
  facet  27: (0,0) (0,1) (1,1) (2,1) (2,4)
  facet  28: (0,0) (1,0) (1,1) (2,1) (2,4)
  facet  30: (1,0) (1,1) (1,2) (2,2) (3,2)
  facet  31: (1,0) (1,1) (2,1) (2,2) (3,2)
  facet  33: (1,0) (1,1) (2,1) (3,1) (3,2)
  facet  36: (1,1) (1,2) (1,3) (2,3) (3,3)
  facet  37: (1,1) (1,2) (2,2) (2,3) (3,3)
  facet  38: (1,1) (2,1) (2,2) (2,3) (3,3)
  facet  39: (1,1) (1,2) (2,2) (3,2) (3,3)
  facet  40: (1,1) (2,1) (2,2) (3,2) (3,3)
  facet  41: (1,1) (2,1) (3,1) (3,2) (3,3)
  facet  46: (1,2) (2,2) (2,3) (3,3) (3,4)
  facet  47: (1,2) (2,2) (3,2) (3,3) (3,4)
  facet  65: (2,0) (3,0) (4,0) (4,1) (4,2)
  facet  66: (2,1) (2,2) (2,3) (3,3) (4,3)
  facet  67: (2,1) (2,2) (3,2) (3,3) (4,3)
  facet  68: (2,1) (3,1) (3,2) (3,3) (4,3)
  facet  73: (2,2) (2,3) (3,3) (3,4) (4,4)
  facet  74: (2,2) (3,2) (3,3) (3,4) (4,4)
  facet  75: (2,2) (2,3) (3,3) (4,3) (4,4)
  facet  76: (2,2) (3,2) (3,3) (4,3) (4,4)
  facet  79: (2,0) (2,3) (3,3) (3,4) (4,4)
  facet  80: (2,0) (3,0) (3,3) (3,4) (4,4)
  facet  81: (2,0) (2,3) (3,3) (4,3) (4,4)
  facet  82: (2,0) (3,0) (3,3) (4,3) (4,4)
  facet  83: (2,0) (3,0) (4,0) (4,3) (4,4)
  facet  89: (2,0) (3,0) (4,0) (4,1) (4,4)
  facet  95: (0,0) (3,0) (4,0) (4,1) (4,2)
  facet 102: (0,2) (0,3) (0,4) (3,4) (4,4)
  facet 103: (0,2) (0,3) (3,3) (3,4) (4,4)
  facet 104: (0,2) (3,2) (3,3) (3,4) (4,4)
  facet 105: (0,2) (0,3) (3,3) (4,3) (4,4)
  facet 106: (0,2) (3,2) (3,3) (4,3) (4,4)
  facet 108: (0,0) (0,3) (0,4) (3,4) (4,4)
  facet 109: (0,0) (0,3) (3,3) (3,4) (4,4)
  facet 110: (0,0) (3,0) (3,3) (3,4) (4,4)
  facet 111: (0,0) (0,3) (3,3) (4,3) (4,4)
  facet 112: (0,0) (3,0) (3,3) (4,3) (4,4)
  facet 113: (0,0) (3,0) (4,0) (4,3) (4,4)
  facet 119: (0,0) (3,0) (4,0) (4,1) (4,4)
  facet 121: (0,0) (0,1) (1,1) (1,2) (4,2)
  facet 122: (0,0) (1,0) (1,1) (1,2) (4,2)
  facet 123: (0,0) (0,1) (1,1) (4,1) (4,2)
  facet 124: (0,0) (1,0) (1,1) (4,1) (4,2)
  facet 125: (0,0) (1,0) (4,0) (4,1) (4,2)
  facet 132: (0,2) (0,3) (0,4) (1,4) (4,4)
  facet 138: (0,0) (0,3) (0,4) (1,4) (4,4)
  facet 144: (0,0) (0,1) (0,4) (1,4) (4,4)
  facet 145: (0,0) (0,1) (1,1) (1,4) (4,4)
  facet 146: (0,0) (1,0) (1,1) (1,4) (4,4)
  facet 147: (0,0) (0,1) (1,1) (4,1) (4,4)
  facet 148: (0,0) (1,0) (1,1) (4,1) (4,4)
  facet 149: (0,0) (1,0) (4,0) (4,1) (4,4)
--- domain 1  (43 facets) ---
  facet   5: (0,0) (1,0) (2,0) (2,1) (2,2)
  facet  19: (0,0) (0,3) (1,3) (1,4) (2,4)
  facet  20: (0,0) (1,0) (1,3) (1,4) (2,4)
  facet  21: (0,0) (0,3) (1,3) (2,3) (2,4)
  facet  22: (0,0) (1,0) (1,3) (2,3) (2,4)
  facet  23: (0,0) (1,0) (2,0) (2,3) (2,4)
  facet  29: (0,0) (1,0) (2,0) (2,1) (2,4)
  facet  32: (1,0) (2,0) (2,1) (2,2) (3,2)
  facet  34: (1,0) (2,0) (2,1) (3,1) (3,2)
  facet  35: (1,0) (2,0) (3,0) (3,1) (3,2)
  facet  45: (1,2) (1,3) (2,3) (3,3) (3,4)
  facet  48: (1,0) (1,3) (1,4) (2,4) (3,4)
  facet  49: (1,0) (1,3) (2,3) (2,4) (3,4)
  facet  50: (1,0) (2,0) (2,3) (2,4) (3,4)
  facet  51: (1,0) (1,3) (2,3) (3,3) (3,4)
  facet  52: (1,0) (2,0) (2,3) (3,3) (3,4)
  facet  53: (1,0) (2,0) (3,0) (3,3) (3,4)
  facet  60: (2,0) (2,1) (2,2) (3,2) (4,2)
  facet  61: (2,0) (2,1) (3,1) (3,2) (4,2)
  facet  62: (2,0) (3,0) (3,1) (3,2) (4,2)
  facet  63: (2,0) (2,1) (3,1) (4,1) (4,2)
  facet  64: (2,0) (3,0) (3,1) (4,1) (4,2)
  facet  69: (2,1) (2,2) (3,2) (4,2) (4,3)
  facet  70: (2,1) (3,1) (3,2) (4,2) (4,3)
  facet  71: (2,1) (3,1) (4,1) (4,2) (4,3)
  facet  77: (2,2) (3,2) (4,2) (4,3) (4,4)
  facet 107: (0,2) (3,2) (4,2) (4,3) (4,4)
  facet 126: (0,1) (0,2) (0,3) (1,3) (4,3)
  facet 127: (0,1) (0,2) (1,2) (1,3) (4,3)
  facet 128: (0,1) (1,1) (1,2) (1,3) (4,3)
  facet 129: (0,1) (0,2) (1,2) (4,2) (4,3)
  facet 130: (0,1) (1,1) (1,2) (4,2) (4,3)
  facet 131: (0,1) (1,1) (4,1) (4,2) (4,3)
  facet 133: (0,2) (0,3) (1,3) (1,4) (4,4)
  facet 134: (0,2) (1,2) (1,3) (1,4) (4,4)
  facet 135: (0,2) (0,3) (1,3) (4,3) (4,4)
  facet 136: (0,2) (1,2) (1,3) (4,3) (4,4)
  facet 137: (0,2) (1,2) (4,2) (4,3) (4,4)
  facet 139: (0,0) (0,3) (1,3) (1,4) (4,4)
  facet 140: (0,0) (1,0) (1,3) (1,4) (4,4)
  facet 141: (0,0) (0,3) (1,3) (4,3) (4,4)
  facet 142: (0,0) (1,0) (1,3) (4,3) (4,4)
  facet 143: (0,0) (1,0) (4,0) (4,3) (4,4)
--- domain 2  (42 facets) ---
  facet   0: (0,0) (0,1) (0,2) (1,2) (2,2)
  facet   6: (0,1) (0,2) (0,3) (1,3) (2,3)
  facet   7: (0,1) (0,2) (1,2) (1,3) (2,3)
  facet   9: (0,1) (0,2) (1,2) (2,2) (2,3)
  facet  13: (0,2) (0,3) (1,3) (1,4) (2,4)
  facet  14: (0,2) (1,2) (1,3) (1,4) (2,4)
  facet  15: (0,2) (0,3) (1,3) (2,3) (2,4)
  facet  16: (0,2) (1,2) (1,3) (2,3) (2,4)
  facet  17: (0,2) (1,2) (2,2) (2,3) (2,4)
  facet  42: (1,2) (1,3) (1,4) (2,4) (3,4)
  facet  43: (1,2) (1,3) (2,3) (2,4) (3,4)
  facet  44: (1,2) (2,2) (2,3) (2,4) (3,4)
  facet  54: (1,0) (1,1) (1,4) (2,4) (3,4)
  facet  55: (1,0) (1,1) (2,1) (2,4) (3,4)
  facet  56: (1,0) (2,0) (2,1) (2,4) (3,4)
  facet  57: (1,0) (1,1) (2,1) (3,1) (3,4)
  facet  58: (1,0) (2,0) (2,1) (3,1) (3,4)
  facet  59: (1,0) (2,0) (3,0) (3,1) (3,4)
  facet  72: (2,2) (2,3) (2,4) (3,4) (4,4)
  facet  78: (2,0) (2,3) (2,4) (3,4) (4,4)
  facet  84: (2,0) (2,1) (2,4) (3,4) (4,4)
  facet  85: (2,0) (2,1) (3,1) (3,4) (4,4)
  facet  86: (2,0) (3,0) (3,1) (3,4) (4,4)
  facet  87: (2,0) (2,1) (3,1) (4,1) (4,4)
  facet  88: (2,0) (3,0) (3,1) (4,1) (4,4)
  facet  90: (0,0) (0,1) (0,2) (3,2) (4,2)
  facet  91: (0,0) (0,1) (3,1) (3,2) (4,2)
  facet  92: (0,0) (3,0) (3,1) (3,2) (4,2)
  facet  93: (0,0) (0,1) (3,1) (4,1) (4,2)
  facet  94: (0,0) (3,0) (3,1) (4,1) (4,2)
  facet  96: (0,1) (0,2) (0,3) (3,3) (4,3)
  facet  97: (0,1) (0,2) (3,2) (3,3) (4,3)
  facet  98: (0,1) (3,1) (3,2) (3,3) (4,3)
  facet  99: (0,1) (0,2) (3,2) (4,2) (4,3)
  facet 100: (0,1) (3,1) (3,2) (4,2) (4,3)
  facet 101: (0,1) (3,1) (4,1) (4,2) (4,3)
  facet 114: (0,0) (0,1) (0,4) (3,4) (4,4)
  facet 115: (0,0) (0,1) (3,1) (3,4) (4,4)
  facet 116: (0,0) (3,0) (3,1) (3,4) (4,4)
  facet 117: (0,0) (0,1) (3,1) (4,1) (4,4)
  facet 118: (0,0) (3,0) (3,1) (4,1) (4,4)
  facet 120: (0,0) (0,1) (0,2) (1,2) (4,2)
