Planner chains (chain-first GPU annealer, then Algorithm 2 reduce)

=== domain 0: 65 facets ===
  reduced chain: 6 maps
  map 0:
    0 0 0 0 0
    1 1 1 1 1
    2 2 2 2 2
    3 3 3 3 3
    4 4 4 4 4
  map 1:
    0 1 0 0 0
    1 1 1 1 0
    2 2 2 2 0
    4 3 3 3 3
    4 4 4 4 4
  map 2:
    0 1 0 0 0
    1 1 1 1 0
    4 2 2 3 1
    4 3 3 3 3
    4 4 4 3 4
  map 3:
    0 1 4 0 0
    1 1 1 3 4
    0 1 2 3 0
    0 2 3 3 3
    0 1 1 3 4
  map 4:
    0 1 4 3 4
    1 1 2 1 4
    0 1 2 3 4
    0 1 2 3 3
    0 1 2 3 4
  map 5:
    0 1 2 3 4
    0 1 2 3 4
    0 1 2 3 4
    0 1 2 3 4
    0 1 2 3 4

=== domain 1: 43 facets ===
  reduced chain: 7 maps
  map 0:
    0 0 0 0 @
    1 1 1 1 1
    2 2 2 2 2
    3 3 3 3 3
    4 4 4 4 4
  map 1:
    1 1 4 0 @
    1 1 1 1 1
    2 2 2 1 1
    2 3 3 2 2
    4 4 4 4 4
  map 2:
    0 4 4 0 @
    1 0 0 0 0
    2 2 2 0 0
    2 2 2 0 0
    4 4 4 4 4
  map 3:
    0 4 4 4 @
    0 4 3 4 4
    2 2 2 0 0
    2 2 2 0 0
    0 3 3 4 4
  map 4:
    0 2 3 4 @
    0 2 4 4 4
    1 2 2 0 0
    1 2 2 0 0
    0 2 2 3 3
  map 5:
    0 2 3 3 @
    0 2 3 3 4
    0 1 2 4 0
    0 1 2 4 4
    0 2 2 3 4
  map 6:
    0 1 2 3 @
    0 1 2 3 4
    0 1 2 3 4
    0 1 2 3 4
    0 1 2 3 4

=== domain 2: 42 facets ===
  reduced chain: 7 maps
  map 0:
    0 0 0 0 0
    1 1 1 1 1
    2 2 2 2 2
    3 3 3 3 3
    @ 4 4 4 4
  map 1:
    0 0 0 0 0
    3 3 1 1 1
    3 3 2 2 2
    3 3 3 3 3
    @ 4 0 4 4
  map 2:
    0 0 0 0 0
    3 3 2 2 2
    4 3 2 2 2
    0 0 0 0 3
    @ 0 0 0 3
  map 3:
    0 0 0 2 0
    4 4 2 2 2
    4 4 2 2 2
    0 0 2 2 4
    @ 0 0 2 4
  map 4:
    0 1 2 2 4
    4 4 2 2 2
    4 4 2 2 2
    1 1 1 2 4
    @ 1 1 2 4
  map 5:
    0 1 2 2 1
    4 4 2 3 4
    4 4 2 3 4
    0 1 1 3 4
    @ 1 2 3 4
  map 6:
    0 1 2 3 4
    0 1 2 3 4
    0 1 2 3 4
    0 1 2 3 4
    @ 1 2 3 4

