KxK: 500 maximal facets; cover with 3 domains (SC_strict <= 2)

--- domain 0  (320 facets) ---
  facet   0: (0,0) (0,1) (0,2) (0,3) (1,3) (2,3) (3,3)
  facet   1: (0,0) (0,1) (0,2) (1,2) (1,3) (2,3) (3,3)
  facet   2: (0,0) (0,1) (1,1) (1,2) (1,3) (2,3) (3,3)
  facet   3: (0,0) (1,0) (1,1) (1,2) (1,3) (2,3) (3,3)
  facet   4: (0,0) (0,1) (0,2) (1,2) (2,2) (2,3) (3,3)
  facet   5: (0,0) (0,1) (1,1) (1,2) (2,2) (2,3) (3,3)
  facet   6: (0,0) (1,0) (1,1) (1,2) (2,2) (2,3) (3,3)
  facet   7: (0,0) (0,1) (1,1) (2,1) (2,2) (2,3) (3,3)
  facet   8: (0,0) (1,0) (1,1) (2,1) (2,2) (2,3) (3,3)
  facet   9: (0,0) (1,0) (2,0) (2,1) (2,2) (2,3) (3,3)
  facet  10: (0,0) (0,1) (0,2) (1,2) (2,2) (3,2) (3,3)
  facet  11: (0,0) (0,1) (1,1) (1,2) (2,2) (3,2) (3,3)
  facet  12: (0,0) (1,0) (1,1) (1,2) (2,2) (3,2) (3,3)
  facet  13: (0,0) (0,1) (1,1) (2,1) (2,2) (3,2) (3,3)
  facet  14: (0,0) (1,0) (1,1) (2,1) (2,2) (3,2) (3,3)
  facet  15: (0,0) (1,0) (2,0) (2,1) (2,2) (3,2) (3,3)
  facet  16: (0,0) (0,1) (1,1) (2,1) (3,1) (3,2) (3,3)
  facet  17: (0,0) (1,0) (1,1) (2,1) (3,1) (3,2) (3,3)
  facet  18: (0,0) (1,0) (2,0) (2,1) (3,1) (3,2) (3,3)
  facet  19: (0,0) (1,0) (2,0) (3,0) (3,1) (3,2) (3,3)
  facet  20: (0,0) (0,1) (0,2) (0,4) (1,4) (2,4) (3,4)
  facet  21: (0,0) (0,1) (0,2) (1,2) (1,4) (2,4) (3,4)
  facet  22: (0,0) (0,1) (1,1) (1,2) (1,4) (2,4) (3,4)
  facet  23: (0,0) (1,0) (1,1) (1,2) (1,4) (2,4) (3,4)
  facet  24: (0,0) (0,1) (0,2) (1,2) (2,2) (2,4) (3,4)
  facet  25: (0,0) (0,1) (1,1) (1,2) (2,2) (2,4) (3,4)
  facet  26: (0,0) (1,0) (1,1) (1,2) (2,2) (2,4) (3,4)
  facet  27: (0,0) (0,1) (1,1) (2,1) (2,2) (2,4) (3,4)
  facet  28: (0,0) (1,0) (1,1) (2,1) (2,2) (2,4) (3,4)
  facet  29: (0,0) (1,0) (2,0) (2,1) (2,2) (2,4) (3,4)
  facet  30: (0,0) (0,1) (0,2) (1,2) (2,2) (3,2) (3,4)
  facet  31: (0,0) (0,1) (1,1) (1,2) (2,2) (3,2) (3,4)
  facet  32: (0,0) (1,0) (1,1) (1,2) (2,2) (3,2) (3,4)
  facet  33: (0,0) (0,1) (1,1) (2,1) (2,2) (3,2) (3,4)
  facet  34: (0,0) (1,0) (1,1) (2,1) (2,2) (3,2) (3,4)
  facet  35: (0,0) (1,0) (2,0) (2,1) (2,2) (3,2) (3,4)
  facet  36: (0,0) (0,1) (1,1) (2,1) (3,1) (3,2) (3,4)
  facet  37: (0,0) (1,0) (1,1) (2,1) (3,1) (3,2) (3,4)
  facet  38: (0,0) (1,0) (2,0) (2,1) (3,1) (3,2) (3,4)
  facet  39: (0,0) (1,0) (2,0) (3,0) (3,1) (3,2) (3,4)
  facet  40: (0,0) (0,1) (0,3) (0,4) (1,4) (2,4) (3,4)
  facet  41: (0,0) (0,1) (0,3) (1,3) (1,4) (2,4) (3,4)
  facet  42: (0,0) (0,1) (1,1) (1,3) (1,4) (2,4) (3,4)
  facet  43: (0,0) (1,0) (1,1) (1,3) (1,4) (2,4) (3,4)
  facet  44: (0,0) (0,1) (0,3) (1,3) (2,3) (2,4) (3,4)
  facet  45: (0,0) (0,1) (1,1) (1,3) (2,3) (2,4) (3,4)
  facet  46: (0,0) (1,0) (1,1) (1,3) (2,3) (2,4) (3,4)
  facet  47: (0,0) (0,1) (1,1) (2,1) (2,3) (2,4) (3,4)
  facet  48: (0,0) (1,0) (1,1) (2,1) (2,3) (2,4) (3,4)
  facet  49: (0,0) (1,0) (2,0) (2,1) (2,3) (2,4) (3,4)
  facet  50: (0,0) (0,1) (0,3) (1,3) (2,3) (3,3) (3,4)
  facet  51: (0,0) (0,1) (1,1) (1,3) (2,3) (3,3) (3,4)
  facet  52: (0,0) (1,0) (1,1) (1,3) (2,3) (3,3) (3,4)
  facet  53: (0,0) (0,1) (1,1) (2,1) (2,3) (3,3) (3,4)
  facet  54: (0,0) (1,0) (1,1) (2,1) (2,3) (3,3) (3,4)
  facet  55: (0,0) (1,0) (2,0) (2,1) (2,3) (3,3) (3,4)
  facet  56: (0,0) (0,1) (1,1) (2,1) (3,1) (3,3) (3,4)
  facet  57: (0,0) (1,0) (1,1) (2,1) (3,1) (3,3) (3,4)
  facet  58: (0,0) (1,0) (2,0) (2,1) (3,1) (3,3) (3,4)
  facet  59: (0,0) (1,0) (2,0) (3,0) (3,1) (3,3) (3,4)
  facet  60: (0,0) (0,2) (0,3) (0,4) (1,4) (2,4) (3,4)
  facet  61: (0,0) (0,2) (0,3) (1,3) (1,4) (2,4) (3,4)
  facet  62: (0,0) (0,2) (1,2) (1,3) (1,4) (2,4) (3,4)
  facet  63: (0,0) (1,0) (1,2) (1,3) (1,4) (2,4) (3,4)
  facet  64: (0,0) (0,2) (0,3) (1,3) (2,3) (2,4) (3,4)
  facet  65: (0,0) (0,2) (1,2) (1,3) (2,3) (2,4) (3,4)
  facet  66: (0,0) (1,0) (1,2) (1,3) (2,3) (2,4) (3,4)
  facet  67: (0,0) (0,2) (1,2) (2,2) (2,3) (2,4) (3,4)
  facet  68: (0,0) (1,0) (1,2) (2,2) (2,3) (2,4) (3,4)
  facet  69: (0,0) (1,0) (2,0) (2,2) (2,3) (2,4) (3,4)
  facet  70: (0,0) (0,2) (0,3) (1,3) (2,3) (3,3) (3,4)
  facet  71: (0,0) (0,2) (1,2) (1,3) (2,3) (3,3) (3,4)
  facet  72: (0,0) (1,0) (1,2) (1,3) (2,3) (3,3) (3,4)
  facet  73: (0,0) (0,2) (1,2) (2,2) (2,3) (3,3) (3,4)
  facet  74: (0,0) (1,0) (1,2) (2,2) (2,3) (3,3) (3,4)
  facet  75: (0,0) (1,0) (2,0) (2,2) (2,3) (3,3) (3,4)
  facet  76: (0,0) (0,2) (1,2) (2,2) (3,2) (3,3) (3,4)
  facet  77: (0,0) (1,0) (1,2) (2,2) (3,2) (3,3) (3,4)
  facet  78: (0,0) (1,0) (2,0) (2,2) (3,2) (3,3) (3,4)
  facet  79: (0,0) (1,0) (2,0) (3,0) (3,2) (3,3) (3,4)
  facet 100: (0,0) (0,1) (0,2) (0,3) (1,3) (2,3) (4,3)
  facet 101: (0,0) (0,1) (0,2) (1,2) (1,3) (2,3) (4,3)
  facet 102: (0,0) (0,1) (1,1) (1,2) (1,3) (2,3) (4,3)
  facet 103: (0,0) (1,0) (1,1) (1,2) (1,3) (2,3) (4,3)
  facet 104: (0,0) (0,1) (0,2) (1,2) (2,2) (2,3) (4,3)
  facet 105: (0,0) (0,1) (1,1) (1,2) (2,2) (2,3) (4,3)
  facet 106: (0,0) (1,0) (1,1) (1,2) (2,2) (2,3) (4,3)
  facet 107: (0,0) (0,1) (1,1) (2,1) (2,2) (2,3) (4,3)
  facet 108: (0,0) (1,0) (1,1) (2,1) (2,2) (2,3) (4,3)
  facet 109: (0,0) (1,0) (2,0) (2,1) (2,2) (2,3) (4,3)
  facet 110: (0,0) (0,1) (0,2) (1,2) (2,2) (4,2) (4,3)
  facet 111: (0,0) (0,1) (1,1) (1,2) (2,2) (4,2) (4,3)
  facet 112: (0,0) (1,0) (1,1) (1,2) (2,2) (4,2) (4,3)
  facet 113: (0,0) (0,1) (1,1) (2,1) (2,2) (4,2) (4,3)
  facet 114: (0,0) (1,0) (1,1) (2,1) (2,2) (4,2) (4,3)
  facet 115: (0,0) (1,0) (2,0) (2,1) (2,2) (4,2) (4,3)
  facet 116: (0,0) (0,1) (1,1) (2,1) (4,1) (4,2) (4,3)
  facet 117: (0,0) (1,0) (1,1) (2,1) (4,1) (4,2) (4,3)
  facet 118: (0,0) (1,0) (2,0) (2,1) (4,1) (4,2) (4,3)
  facet 119: (0,0) (1,0) (2,0) (4,0) (4,1) (4,2) (4,3)
  facet 120: (0,0) (0,1) (0,2) (0,4) (1,4) (2,4) (4,4)
  facet 121: (0,0) (0,1) (0,2) (1,2) (1,4) (2,4) (4,4)
  facet 122: (0,0) (0,1) (1,1) (1,2) (1,4) (2,4) (4,4)
  facet 123: (0,0) (1,0) (1,1) (1,2) (1,4) (2,4) (4,4)
  facet 124: (0,0) (0,1) (0,2) (1,2) (2,2) (2,4) (4,4)
  facet 125: (0,0) (0,1) (1,1) (1,2) (2,2) (2,4) (4,4)
  facet 126: (0,0) (1,0) (1,1) (1,2) (2,2) (2,4) (4,4)
  facet 127: (0,0) (0,1) (1,1) (2,1) (2,2) (2,4) (4,4)
  facet 128: (0,0) (1,0) (1,1) (2,1) (2,2) (2,4) (4,4)
  facet 129: (0,0) (1,0) (2,0) (2,1) (2,2) (2,4) (4,4)
  facet 130: (0,0) (0,1) (0,2) (1,2) (2,2) (4,2) (4,4)
  facet 131: (0,0) (0,1) (1,1) (1,2) (2,2) (4,2) (4,4)
  facet 132: (0,0) (1,0) (1,1) (1,2) (2,2) (4,2) (4,4)
  facet 133: (0,0) (0,1) (1,1) (2,1) (2,2) (4,2) (4,4)
  facet 134: (0,0) (1,0) (1,1) (2,1) (2,2) (4,2) (4,4)
  facet 135: (0,0) (1,0) (2,0) (2,1) (2,2) (4,2) (4,4)
  facet 136: (0,0) (0,1) (1,1) (2,1) (4,1) (4,2) (4,4)
  facet 137: (0,0) (1,0) (1,1) (2,1) (4,1) (4,2) (4,4)
  facet 138: (0,0) (1,0) (2,0) (2,1) (4,1) (4,2) (4,4)
  facet 139: (0,0) (1,0) (2,0) (4,0) (4,1) (4,2) (4,4)
  facet 140: (0,0) (0,1) (0,3) (0,4) (1,4) (2,4) (4,4)
  facet 141: (0,0) (0,1) (0,3) (1,3) (1,4) (2,4) (4,4)
  facet 142: (0,0) (0,1) (1,1) (1,3) (1,4) (2,4) (4,4)
  facet 143: (0,0) (1,0) (1,1) (1,3) (1,4) (2,4) (4,4)
  facet 144: (0,0) (0,1) (0,3) (1,3) (2,3) (2,4) (4,4)
  facet 145: (0,0) (0,1) (1,1) (1,3) (2,3) (2,4) (4,4)
  facet 146: (0,0) (1,0) (1,1) (1,3) (2,3) (2,4) (4,4)
  facet 147: (0,0) (0,1) (1,1) (2,1) (2,3) (2,4) (4,4)
  facet 148: (0,0) (1,0) (1,1) (2,1) (2,3) (2,4) (4,4)
  facet 149: (0,0) (1,0) (2,0) (2,1) (2,3) (2,4) (4,4)
  facet 150: (0,0) (0,1) (0,3) (1,3) (2,3) (4,3) (4,4)
  facet 151: (0,0) (0,1) (1,1) (1,3) (2,3) (4,3) (4,4)
  facet 152: (0,0) (1,0) (1,1) (1,3) (2,3) (4,3) (4,4)
  facet 153: (0,0) (0,1) (1,1) (2,1) (2,3) (4,3) (4,4)
  facet 154: (0,0) (1,0) (1,1) (2,1) (2,3) (4,3) (4,4)
  facet 155: (0,0) (1,0) (2,0) (2,1) (2,3) (4,3) (4,4)
  facet 156: (0,0) (0,1) (1,1) (2,1) (4,1) (4,3) (4,4)
  facet 157: (0,0) (1,0) (1,1) (2,1) (4,1) (4,3) (4,4)
  facet 158: (0,0) (1,0) (2,0) (2,1) (4,1) (4,3) (4,4)
  facet 159: (0,0) (1,0) (2,0) (4,0) (4,1) (4,3) (4,4)
  facet 160: (0,0) (0,2) (0,3) (0,4) (1,4) (2,4) (4,4)
  facet 161: (0,0) (0,2) (0,3) (1,3) (1,4) (2,4) (4,4)
  facet 162: (0,0) (0,2) (1,2) (1,3) (1,4) (2,4) (4,4)
  facet 163: (0,0) (1,0) (1,2) (1,3) (1,4) (2,4) (4,4)
  facet 164: (0,0) (0,2) (0,3) (1,3) (2,3) (2,4) (4,4)
  facet 165: (0,0) (0,2) (1,2) (1,3) (2,3) (2,4) (4,4)
  facet 166: (0,0) (1,0) (1,2) (1,3) (2,3) (2,4) (4,4)
  facet 167: (0,0) (0,2) (1,2) (2,2) (2,3) (2,4) (4,4)
  facet 168: (0,0) (1,0) (1,2) (2,2) (2,3) (2,4) (4,4)
  facet 169: (0,0) (1,0) (2,0) (2,2) (2,3) (2,4) (4,4)
  facet 170: (0,0) (0,2) (0,3) (1,3) (2,3) (4,3) (4,4)
  facet 171: (0,0) (0,2) (1,2) (1,3) (2,3) (4,3) (4,4)
  facet 172: (0,0) (1,0) (1,2) (1,3) (2,3) (4,3) (4,4)
  facet 173: (0,0) (0,2) (1,2) (2,2) (2,3) (4,3) (4,4)
  facet 174: (0,0) (1,0) (1,2) (2,2) (2,3) (4,3) (4,4)
  facet 175: (0,0) (1,0) (2,0) (2,2) (2,3) (4,3) (4,4)
  facet 176: (0,0) (0,2) (1,2) (2,2) (4,2) (4,3) (4,4)
  facet 177: (0,0) (1,0) (1,2) (2,2) (4,2) (4,3) (4,4)
  facet 178: (0,0) (1,0) (2,0) (2,2) (4,2) (4,3) (4,4)
  facet 179: (0,0) (1,0) (2,0) (4,0) (4,2) (4,3) (4,4)
  facet 200: (0,0) (0,1) (0,2) (0,3) (1,3) (3,3) (4,3)
  facet 201: (0,0) (0,1) (0,2) (1,2) (1,3) (3,3) (4,3)
  facet 202: (0,0) (0,1) (1,1) (1,2) (1,3) (3,3) (4,3)
  facet 203: (0,0) (1,0) (1,1) (1,2) (1,3) (3,3) (4,3)
  facet 204: (0,0) (0,1) (0,2) (1,2) (3,2) (3,3) (4,3)
  facet 205: (0,0) (0,1) (1,1) (1,2) (3,2) (3,3) (4,3)
  facet 206: (0,0) (1,0) (1,1) (1,2) (3,2) (3,3) (4,3)
  facet 207: (0,0) (0,1) (1,1) (3,1) (3,2) (3,3) (4,3)
  facet 208: (0,0) (1,0) (1,1) (3,1) (3,2) (3,3) (4,3)
  facet 209: (0,0) (1,0) (3,0) (3,1) (3,2) (3,3) (4,3)
  facet 210: (0,0) (0,1) (0,2) (1,2) (3,2) (4,2) (4,3)
  facet 211: (0,0) (0,1) (1,1) (1,2) (3,2) (4,2) (4,3)
  facet 212: (0,0) (1,0) (1,1) (1,2) (3,2) (4,2) (4,3)
  facet 213: (0,0) (0,1) (1,1) (3,1) (3,2) (4,2) (4,3)
  facet 214: (0,0) (1,0) (1,1) (3,1) (3,2) (4,2) (4,3)
  facet 215: (0,0) (1,0) (3,0) (3,1) (3,2) (4,2) (4,3)
  facet 216: (0,0) (0,1) (1,1) (3,1) (4,1) (4,2) (4,3)
  facet 217: (0,0) (1,0) (1,1) (3,1) (4,1) (4,2) (4,3)
  facet 218: (0,0) (1,0) (3,0) (3,1) (4,1) (4,2) (4,3)
  facet 219: (0,0) (1,0) (3,0) (4,0) (4,1) (4,2) (4,3)
  facet 220: (0,0) (0,1) (0,2) (0,4) (1,4) (3,4) (4,4)
  facet 221: (0,0) (0,1) (0,2) (1,2) (1,4) (3,4) (4,4)
  facet 222: (0,0) (0,1) (1,1) (1,2) (1,4) (3,4) (4,4)
  facet 223: (0,0) (1,0) (1,1) (1,2) (1,4) (3,4) (4,4)
  facet 224: (0,0) (0,1) (0,2) (1,2) (3,2) (3,4) (4,4)
  facet 225: (0,0) (0,1) (1,1) (1,2) (3,2) (3,4) (4,4)
  facet 226: (0,0) (1,0) (1,1) (1,2) (3,2) (3,4) (4,4)
  facet 227: (0,0) (0,1) (1,1) (3,1) (3,2) (3,4) (4,4)
  facet 228: (0,0) (1,0) (1,1) (3,1) (3,2) (3,4) (4,4)
  facet 229: (0,0) (1,0) (3,0) (3,1) (3,2) (3,4) (4,4)
  facet 230: (0,0) (0,1) (0,2) (1,2) (3,2) (4,2) (4,4)
  facet 231: (0,0) (0,1) (1,1) (1,2) (3,2) (4,2) (4,4)
  facet 232: (0,0) (1,0) (1,1) (1,2) (3,2) (4,2) (4,4)
  facet 233: (0,0) (0,1) (1,1) (3,1) (3,2) (4,2) (4,4)
  facet 234: (0,0) (1,0) (1,1) (3,1) (3,2) (4,2) (4,4)
  facet 235: (0,0) (1,0) (3,0) (3,1) (3,2) (4,2) (4,4)
  facet 236: (0,0) (0,1) (1,1) (3,1) (4,1) (4,2) (4,4)
  facet 237: (0,0) (1,0) (1,1) (3,1) (4,1) (4,2) (4,4)
  facet 238: (0,0) (1,0) (3,0) (3,1) (4,1) (4,2) (4,4)
  facet 239: (0,0) (1,0) (3,0) (4,0) (4,1) (4,2) (4,4)
  facet 240: (0,0) (0,1) (0,3) (0,4) (1,4) (3,4) (4,4)
  facet 241: (0,0) (0,1) (0,3) (1,3) (1,4) (3,4) (4,4)
  facet 242: (0,0) (0,1) (1,1) (1,3) (1,4) (3,4) (4,4)
  facet 243: (0,0) (1,0) (1,1) (1,3) (1,4) (3,4) (4,4)
  facet 244: (0,0) (0,1) (0,3) (1,3) (3,3) (3,4) (4,4)
  facet 245: (0,0) (0,1) (1,1) (1,3) (3,3) (3,4) (4,4)
  facet 246: (0,0) (1,0) (1,1) (1,3) (3,3) (3,4) (4,4)
  facet 247: (0,0) (0,1) (1,1) (3,1) (3,3) (3,4) (4,4)
  facet 248: (0,0) (1,0) (1,1) (3,1) (3,3) (3,4) (4,4)
  facet 249: (0,0) (1,0) (3,0) (3,1) (3,3) (3,4) (4,4)
  facet 250: (0,0) (0,1) (0,3) (1,3) (3,3) (4,3) (4,4)
  facet 251: (0,0) (0,1) (1,1) (1,3) (3,3) (4,3) (4,4)
  facet 252: (0,0) (1,0) (1,1) (1,3) (3,3) (4,3) (4,4)
  facet 253: (0,0) (0,1) (1,1) (3,1) (3,3) (4,3) (4,4)
  facet 254: (0,0) (1,0) (1,1) (3,1) (3,3) (4,3) (4,4)
  facet 255: (0,0) (1,0) (3,0) (3,1) (3,3) (4,3) (4,4)
  facet 256: (0,0) (0,1) (1,1) (3,1) (4,1) (4,3) (4,4)
  facet 257: (0,0) (1,0) (1,1) (3,1) (4,1) (4,3) (4,4)
  facet 258: (0,0) (1,0) (3,0) (3,1) (4,1) (4,3) (4,4)
  facet 259: (0,0) (1,0) (3,0) (4,0) (4,1) (4,3) (4,4)
  facet 260: (0,0) (0,2) (0,3) (0,4) (1,4) (3,4) (4,4)
  facet 261: (0,0) (0,2) (0,3) (1,3) (1,4) (3,4) (4,4)
  facet 262: (0,0) (0,2) (1,2) (1,3) (1,4) (3,4) (4,4)
  facet 263: (0,0) (1,0) (1,2) (1,3) (1,4) (3,4) (4,4)
  facet 264: (0,0) (0,2) (0,3) (1,3) (3,3) (3,4) (4,4)
  facet 265: (0,0) (0,2) (1,2) (1,3) (3,3) (3,4) (4,4)
  facet 266: (0,0) (1,0) (1,2) (1,3) (3,3) (3,4) (4,4)
  facet 267: (0,0) (0,2) (1,2) (3,2) (3,3) (3,4) (4,4)
  facet 268: (0,0) (1,0) (1,2) (3,2) (3,3) (3,4) (4,4)
  facet 269: (0,0) (1,0) (3,0) (3,2) (3,3) (3,4) (4,4)
  facet 270: (0,0) (0,2) (0,3) (1,3) (3,3) (4,3) (4,4)
  facet 271: (0,0) (0,2) (1,2) (1,3) (3,3) (4,3) (4,4)
  facet 272: (0,0) (1,0) (1,2) (1,3) (3,3) (4,3) (4,4)
  facet 273: (0,0) (0,2) (1,2) (3,2) (3,3) (4,3) (4,4)
  facet 274: (0,0) (1,0) (1,2) (3,2) (3,3) (4,3) (4,4)
  facet 275: (0,0) (1,0) (3,0) (3,2) (3,3) (4,3) (4,4)
  facet 276: (0,0) (0,2) (1,2) (3,2) (4,2) (4,3) (4,4)
  facet 277: (0,0) (1,0) (1,2) (3,2) (4,2) (4,3) (4,4)
  facet 278: (0,0) (1,0) (3,0) (3,2) (4,2) (4,3) (4,4)
  facet 279: (0,0) (1,0) (3,0) (4,0) (4,2) (4,3) (4,4)
  facet 300: (0,0) (0,1) (0,2) (0,3) (2,3) (3,3) (4,3)
  facet 301: (0,0) (0,1) (0,2) (2,2) (2,3) (3,3) (4,3)
  facet 302: (0,0) (0,1) (2,1) (2,2) (2,3) (3,3) (4,3)
  facet 303: (0,0) (2,0) (2,1) (2,2) (2,3) (3,3) (4,3)
  facet 304: (0,0) (0,1) (0,2) (2,2) (3,2) (3,3) (4,3)
  facet 305: (0,0) (0,1) (2,1) (2,2) (3,2) (3,3) (4,3)
  facet 306: (0,0) (2,0) (2,1) (2,2) (3,2) (3,3) (4,3)
  facet 307: (0,0) (0,1) (2,1) (3,1) (3,2) (3,3) (4,3)
  facet 308: (0,0) (2,0) (2,1) (3,1) (3,2) (3,3) (4,3)
  facet 309: (0,0) (2,0) (3,0) (3,1) (3,2) (3,3) (4,3)
  facet 310: (0,0) (0,1) (0,2) (2,2) (3,2) (4,2) (4,3)
  facet 311: (0,0) (0,1) (2,1) (2,2) (3,2) (4,2) (4,3)
  facet 312: (0,0) (2,0) (2,1) (2,2) (3,2) (4,2) (4,3)
  facet 313: (0,0) (0,1) (2,1) (3,1) (3,2) (4,2) (4,3)
  facet 314: (0,0) (2,0) (2,1) (3,1) (3,2) (4,2) (4,3)
  facet 315: (0,0) (2,0) (3,0) (3,1) (3,2) (4,2) (4,3)
  facet 316: (0,0) (0,1) (2,1) (3,1) (4,1) (4,2) (4,3)
  facet 317: (0,0) (2,0) (2,1) (3,1) (4,1) (4,2) (4,3)
  facet 318: (0,0) (2,0) (3,0) (3,1) (4,1) (4,2) (4,3)
  facet 319: (0,0) (2,0) (3,0) (4,0) (4,1) (4,2) (4,3)
  facet 320: (0,0) (0,1) (0,2) (0,4) (2,4) (3,4) (4,4)
  facet 321: (0,0) (0,1) (0,2) (2,2) (2,4) (3,4) (4,4)
  facet 322: (0,0) (0,1) (2,1) (2,2) (2,4) (3,4) (4,4)
  facet 323: (0,0) (2,0) (2,1) (2,2) (2,4) (3,4) (4,4)
  facet 324: (0,0) (0,1) (0,2) (2,2) (3,2) (3,4) (4,4)
  facet 325: (0,0) (0,1) (2,1) (2,2) (3,2) (3,4) (4,4)
  facet 326: (0,0) (2,0) (2,1) (2,2) (3,2) (3,4) (4,4)
  facet 327: (0,0) (0,1) (2,1) (3,1) (3,2) (3,4) (4,4)
  facet 328: (0,0) (2,0) (2,1) (3,1) (3,2) (3,4) (4,4)
  facet 329: (0,0) (2,0) (3,0) (3,1) (3,2) (3,4) (4,4)
  facet 330: (0,0) (0,1) (0,2) (2,2) (3,2) (4,2) (4,4)
  facet 331: (0,0) (0,1) (2,1) (2,2) (3,2) (4,2) (4,4)
  facet 332: (0,0) (2,0) (2,1) (2,2) (3,2) (4,2) (4,4)
  facet 333: (0,0) (0,1) (2,1) (3,1) (3,2) (4,2) (4,4)
  facet 334: (0,0) (2,0) (2,1) (3,1) (3,2) (4,2) (4,4)
  facet 335: (0,0) (2,0) (3,0) (3,1) (3,2) (4,2) (4,4)
  facet 336: (0,0) (0,1) (2,1) (3,1) (4,1) (4,2) (4,4)
  facet 337: (0,0) (2,0) (2,1) (3,1) (4,1) (4,2) (4,4)
  facet 338: (0,0) (2,0) (3,0) (3,1) (4,1) (4,2) (4,4)
  facet 339: (0,0) (2,0) (3,0) (4,0) (4,1) (4,2) (4,4)
  facet 340: (0,0) (0,1) (0,3) (0,4) (2,4) (3,4) (4,4)
  facet 341: (0,0) (0,1) (0,3) (2,3) (2,4) (3,4) (4,4)
  facet 342: (0,0) (0,1) (2,1) (2,3) (2,4) (3,4) (4,4)
  facet 343: (0,0) (2,0) (2,1) (2,3) (2,4) (3,4) (4,4)
  facet 344: (0,0) (0,1) (0,3) (2,3) (3,3) (3,4) (4,4)
  facet 345: (0,0) (0,1) (2,1) (2,3) (3,3) (3,4) (4,4)
  facet 346: (0,0) (2,0) (2,1) (2,3) (3,3) (3,4) (4,4)
  facet 347: (0,0) (0,1) (2,1) (3,1) (3,3) (3,4) (4,4)
  facet 348: (0,0) (2,0) (2,1) (3,1) (3,3) (3,4) (4,4)
  facet 349: (0,0) (2,0) (3,0) (3,1) (3,3) (3,4) (4,4)
  facet 350: (0,0) (0,1) (0,3) (2,3) (3,3) (4,3) (4,4)
  facet 351: (0,0) (0,1) (2,1) (2,3) (3,3) (4,3) (4,4)
  facet 352: (0,0) (2,0) (2,1) (2,3) (3,3) (4,3) (4,4)
  facet 353: (0,0) (0,1) (2,1) (3,1) (3,3) (4,3) (4,4)
  facet 354: (0,0) (2,0) (2,1) (3,1) (3,3) (4,3) (4,4)
  facet 355: (0,0) (2,0) (3,0) (3,1) (3,3) (4,3) (4,4)
  facet 356: (0,0) (0,1) (2,1) (3,1) (4,1) (4,3) (4,4)
  facet 357: (0,0) (2,0) (2,1) (3,1) (4,1) (4,3) (4,4)
  facet 358: (0,0) (2,0) (3,0) (3,1) (4,1) (4,3) (4,4)
  facet 359: (0,0) (2,0) (3,0) (4,0) (4,1) (4,3) (4,4)
  facet 360: (0,0) (0,2) (0,3) (0,4) (2,4) (3,4) (4,4)
  facet 361: (0,0) (0,2) (0,3) (2,3) (2,4) (3,4) (4,4)
  facet 362: (0,0) (0,2) (2,2) (2,3) (2,4) (3,4) (4,4)
  facet 363: (0,0) (2,0) (2,2) (2,3) (2,4) (3,4) (4,4)
  facet 364: (0,0) (0,2) (0,3) (2,3) (3,3) (3,4) (4,4)
  facet 365: (0,0) (0,2) (2,2) (2,3) (3,3) (3,4) (4,4)
  facet 366: (0,0) (2,0) (2,2) (2,3) (3,3) (3,4) (4,4)
  facet 367: (0,0) (0,2) (2,2) (3,2) (3,3) (3,4) (4,4)
  facet 368: (0,0) (2,0) (2,2) (3,2) (3,3) (3,4) (4,4)
  facet 369: (0,0) (2,0) (3,0) (3,2) (3,3) (3,4) (4,4)
  facet 370: (0,0) (0,2) (0,3) (2,3) (3,3) (4,3) (4,4)
  facet 371: (0,0) (0,2) (2,2) (2,3) (3,3) (4,3) (4,4)
  facet 372: (0,0) (2,0) (2,2) (2,3) (3,3) (4,3) (4,4)
  facet 373: (0,0) (0,2) (2,2) (3,2) (3,3) (4,3) (4,4)
  facet 374: (0,0) (2,0) (2,2) (3,2) (3,3) (4,3) (4,4)
  facet 375: (0,0) (2,0) (3,0) (3,2) (3,3) (4,3) (4,4)
  facet 376: (0,0) (0,2) (2,2) (3,2) (4,2) (4,3) (4,4)
  facet 377: (0,0) (2,0) (2,2) (3,2) (4,2) (4,3) (4,4)
  facet 378: (0,0) (2,0) (3,0) (3,2) (4,2) (4,3) (4,4)
  facet 379: (0,0) (2,0) (3,0) (4,0) (4,2) (4,3) (4,4)
--- domain 1  (140 facets) ---
  facet  80: (0,1) (0,2) (0,3) (0,4) (1,4) (2,4) (3,4)
  facet  81: (0,1) (0,2) (0,3) (1,3) (1,4) (2,4) (3,4)
  facet  82: (0,1) (0,2) (1,2) (1,3) (1,4) (2,4) (3,4)
  facet  83: (0,1) (1,1) (1,2) (1,3) (1,4) (2,4) (3,4)
  facet  84: (0,1) (0,2) (0,3) (1,3) (2,3) (2,4) (3,4)
  facet  85: (0,1) (0,2) (1,2) (1,3) (2,3) (2,4) (3,4)
  facet  86: (0,1) (1,1) (1,2) (1,3) (2,3) (2,4) (3,4)
  facet  87: (0,1) (0,2) (1,2) (2,2) (2,3) (2,4) (3,4)
  facet  88: (0,1) (1,1) (1,2) (2,2) (2,3) (2,4) (3,4)
  facet  89: (0,1) (1,1) (2,1) (2,2) (2,3) (2,4) (3,4)
  facet  90: (0,1) (0,2) (0,3) (1,3) (2,3) (3,3) (3,4)
  facet  91: (0,1) (0,2) (1,2) (1,3) (2,3) (3,3) (3,4)
  facet  92: (0,1) (1,1) (1,2) (1,3) (2,3) (3,3) (3,4)
  facet  93: (0,1) (0,2) (1,2) (2,2) (2,3) (3,3) (3,4)
  facet  94: (0,1) (1,1) (1,2) (2,2) (2,3) (3,3) (3,4)
  facet  95: (0,1) (1,1) (2,1) (2,2) (2,3) (3,3) (3,4)
  facet  96: (0,1) (0,2) (1,2) (2,2) (3,2) (3,3) (3,4)
  facet  97: (0,1) (1,1) (1,2) (2,2) (3,2) (3,3) (3,4)
  facet  98: (0,1) (1,1) (2,1) (2,2) (3,2) (3,3) (3,4)
  facet  99: (0,1) (1,1) (2,1) (3,1) (3,2) (3,3) (3,4)
  facet 180: (0,1) (0,2) (0,3) (0,4) (1,4) (2,4) (4,4)
  facet 181: (0,1) (0,2) (0,3) (1,3) (1,4) (2,4) (4,4)
  facet 182: (0,1) (0,2) (1,2) (1,3) (1,4) (2,4) (4,4)
  facet 183: (0,1) (1,1) (1,2) (1,3) (1,4) (2,4) (4,4)
  facet 184: (0,1) (0,2) (0,3) (1,3) (2,3) (2,4) (4,4)
  facet 185: (0,1) (0,2) (1,2) (1,3) (2,3) (2,4) (4,4)
  facet 186: (0,1) (1,1) (1,2) (1,3) (2,3) (2,4) (4,4)
  facet 187: (0,1) (0,2) (1,2) (2,2) (2,3) (2,4) (4,4)
  facet 188: (0,1) (1,1) (1,2) (2,2) (2,3) (2,4) (4,4)
  facet 189: (0,1) (1,1) (2,1) (2,2) (2,3) (2,4) (4,4)
  facet 190: (0,1) (0,2) (0,3) (1,3) (2,3) (4,3) (4,4)
  facet 191: (0,1) (0,2) (1,2) (1,3) (2,3) (4,3) (4,4)
  facet 192: (0,1) (1,1) (1,2) (1,3) (2,3) (4,3) (4,4)
  facet 193: (0,1) (0,2) (1,2) (2,2) (2,3) (4,3) (4,4)
  facet 194: (0,1) (1,1) (1,2) (2,2) (2,3) (4,3) (4,4)
  facet 195: (0,1) (1,1) (2,1) (2,2) (2,3) (4,3) (4,4)
  facet 196: (0,1) (0,2) (1,2) (2,2) (4,2) (4,3) (4,4)
  facet 197: (0,1) (1,1) (1,2) (2,2) (4,2) (4,3) (4,4)
  facet 198: (0,1) (1,1) (2,1) (2,2) (4,2) (4,3) (4,4)
  facet 199: (0,1) (1,1) (2,1) (4,1) (4,2) (4,3) (4,4)
  facet 280: (0,1) (0,2) (0,3) (0,4) (1,4) (3,4) (4,4)
  facet 281: (0,1) (0,2) (0,3) (1,3) (1,4) (3,4) (4,4)
  facet 282: (0,1) (0,2) (1,2) (1,3) (1,4) (3,4) (4,4)
  facet 283: (0,1) (1,1) (1,2) (1,3) (1,4) (3,4) (4,4)
  facet 284: (0,1) (0,2) (0,3) (1,3) (3,3) (3,4) (4,4)
  facet 285: (0,1) (0,2) (1,2) (1,3) (3,3) (3,4) (4,4)
  facet 286: (0,1) (1,1) (1,2) (1,3) (3,3) (3,4) (4,4)
  facet 287: (0,1) (0,2) (1,2) (3,2) (3,3) (3,4) (4,4)
  facet 288: (0,1) (1,1) (1,2) (3,2) (3,3) (3,4) (4,4)
  facet 289: (0,1) (1,1) (3,1) (3,2) (3,3) (3,4) (4,4)
  facet 290: (0,1) (0,2) (0,3) (1,3) (3,3) (4,3) (4,4)
  facet 291: (0,1) (0,2) (1,2) (1,3) (3,3) (4,3) (4,4)
  facet 292: (0,1) (1,1) (1,2) (1,3) (3,3) (4,3) (4,4)
  facet 293: (0,1) (0,2) (1,2) (3,2) (3,3) (4,3) (4,4)
  facet 294: (0,1) (1,1) (1,2) (3,2) (3,3) (4,3) (4,4)
  facet 295: (0,1) (1,1) (3,1) (3,2) (3,3) (4,3) (4,4)
  facet 296: (0,1) (0,2) (1,2) (3,2) (4,2) (4,3) (4,4)
  facet 297: (0,1) (1,1) (1,2) (3,2) (4,2) (4,3) (4,4)
  facet 298: (0,1) (1,1) (3,1) (3,2) (4,2) (4,3) (4,4)
  facet 299: (0,1) (1,1) (3,1) (4,1) (4,2) (4,3) (4,4)
  facet 400: (1,0) (1,1) (1,2) (1,3) (2,3) (3,3) (4,3)
  facet 401: (1,0) (1,1) (1,2) (2,2) (2,3) (3,3) (4,3)
  facet 402: (1,0) (1,1) (2,1) (2,2) (2,3) (3,3) (4,3)
  facet 403: (1,0) (2,0) (2,1) (2,2) (2,3) (3,3) (4,3)
  facet 404: (1,0) (1,1) (1,2) (2,2) (3,2) (3,3) (4,3)
  facet 405: (1,0) (1,1) (2,1) (2,2) (3,2) (3,3) (4,3)
  facet 406: (1,0) (2,0) (2,1) (2,2) (3,2) (3,3) (4,3)
  facet 407: (1,0) (1,1) (2,1) (3,1) (3,2) (3,3) (4,3)
  facet 408: (1,0) (2,0) (2,1) (3,1) (3,2) (3,3) (4,3)
  facet 409: (1,0) (2,0) (3,0) (3,1) (3,2) (3,3) (4,3)
  facet 410: (1,0) (1,1) (1,2) (2,2) (3,2) (4,2) (4,3)
  facet 411: (1,0) (1,1) (2,1) (2,2) (3,2) (4,2) (4,3)
  facet 412: (1,0) (2,0) (2,1) (2,2) (3,2) (4,2) (4,3)
  facet 413: (1,0) (1,1) (2,1) (3,1) (3,2) (4,2) (4,3)
  facet 414: (1,0) (2,0) (2,1) (3,1) (3,2) (4,2) (4,3)
  facet 415: (1,0) (2,0) (3,0) (3,1) (3,2) (4,2) (4,3)
  facet 416: (1,0) (1,1) (2,1) (3,1) (4,1) (4,2) (4,3)
  facet 417: (1,0) (2,0) (2,1) (3,1) (4,1) (4,2) (4,3)
  facet 418: (1,0) (2,0) (3,0) (3,1) (4,1) (4,2) (4,3)
  facet 419: (1,0) (2,0) (3,0) (4,0) (4,1) (4,2) (4,3)
  facet 420: (1,0) (1,1) (1,2) (1,4) (2,4) (3,4) (4,4)
  facet 421: (1,0) (1,1) (1,2) (2,2) (2,4) (3,4) (4,4)
  facet 422: (1,0) (1,1) (2,1) (2,2) (2,4) (3,4) (4,4)
  facet 423: (1,0) (2,0) (2,1) (2,2) (2,4) (3,4) (4,4)
  facet 424: (1,0) (1,1) (1,2) (2,2) (3,2) (3,4) (4,4)
  facet 425: (1,0) (1,1) (2,1) (2,2) (3,2) (3,4) (4,4)
  facet 426: (1,0) (2,0) (2,1) (2,2) (3,2) (3,4) (4,4)
  facet 427: (1,0) (1,1) (2,1) (3,1) (3,2) (3,4) (4,4)
  facet 428: (1,0) (2,0) (2,1) (3,1) (3,2) (3,4) (4,4)
  facet 429: (1,0) (2,0) (3,0) (3,1) (3,2) (3,4) (4,4)
  facet 430: (1,0) (1,1) (1,2) (2,2) (3,2) (4,2) (4,4)
  facet 431: (1,0) (1,1) (2,1) (2,2) (3,2) (4,2) (4,4)
  facet 432: (1,0) (2,0) (2,1) (2,2) (3,2) (4,2) (4,4)
  facet 433: (1,0) (1,1) (2,1) (3,1) (3,2) (4,2) (4,4)
  facet 434: (1,0) (2,0) (2,1) (3,1) (3,2) (4,2) (4,4)
  facet 435: (1,0) (2,0) (3,0) (3,1) (3,2) (4,2) (4,4)
  facet 436: (1,0) (1,1) (2,1) (3,1) (4,1) (4,2) (4,4)
  facet 437: (1,0) (2,0) (2,1) (3,1) (4,1) (4,2) (4,4)
  facet 438: (1,0) (2,0) (3,0) (3,1) (4,1) (4,2) (4,4)
  facet 439: (1,0) (2,0) (3,0) (4,0) (4,1) (4,2) (4,4)
  facet 440: (1,0) (1,1) (1,3) (1,4) (2,4) (3,4) (4,4)
  facet 441: (1,0) (1,1) (1,3) (2,3) (2,4) (3,4) (4,4)
  facet 442: (1,0) (1,1) (2,1) (2,3) (2,4) (3,4) (4,4)
  facet 443: (1,0) (2,0) (2,1) (2,3) (2,4) (3,4) (4,4)
  facet 444: (1,0) (1,1) (1,3) (2,3) (3,3) (3,4) (4,4)
  facet 445: (1,0) (1,1) (2,1) (2,3) (3,3) (3,4) (4,4)
  facet 446: (1,0) (2,0) (2,1) (2,3) (3,3) (3,4) (4,4)
  facet 447: (1,0) (1,1) (2,1) (3,1) (3,3) (3,4) (4,4)
  facet 448: (1,0) (2,0) (2,1) (3,1) (3,3) (3,4) (4,4)
  facet 449: (1,0) (2,0) (3,0) (3,1) (3,3) (3,4) (4,4)
  facet 450: (1,0) (1,1) (1,3) (2,3) (3,3) (4,3) (4,4)
  facet 451: (1,0) (1,1) (2,1) (2,3) (3,3) (4,3) (4,4)
  facet 452: (1,0) (2,0) (2,1) (2,3) (3,3) (4,3) (4,4)
  facet 453: (1,0) (1,1) (2,1) (3,1) (3,3) (4,3) (4,4)
  facet 454: (1,0) (2,0) (2,1) (3,1) (3,3) (4,3) (4,4)
  facet 455: (1,0) (2,0) (3,0) (3,1) (3,3) (4,3) (4,4)
  facet 456: (1,0) (1,1) (2,1) (3,1) (4,1) (4,3) (4,4)
  facet 457: (1,0) (2,0) (2,1) (3,1) (4,1) (4,3) (4,4)
  facet 458: (1,0) (2,0) (3,0) (3,1) (4,1) (4,3) (4,4)
  facet 459: (1,0) (2,0) (3,0) (4,0) (4,1) (4,3) (4,4)
  facet 480: (1,1) (1,2) (1,3) (1,4) (2,4) (3,4) (4,4)
  facet 481: (1,1) (1,2) (1,3) (2,3) (2,4) (3,4) (4,4)
  facet 482: (1,1) (1,2) (2,2) (2,3) (2,4) (3,4) (4,4)
  facet 483: (1,1) (2,1) (2,2) (2,3) (2,4) (3,4) (4,4)
  facet 484: (1,1) (1,2) (1,3) (2,3) (3,3) (3,4) (4,4)
  facet 485: (1,1) (1,2) (2,2) (2,3) (3,3) (3,4) (4,4)
  facet 486: (1,1) (2,1) (2,2) (2,3) (3,3) (3,4) (4,4)
  facet 487: (1,1) (1,2) (2,2) (3,2) (3,3) (3,4) (4,4)
  facet 488: (1,1) (2,1) (2,2) (3,2) (3,3) (3,4) (4,4)
  facet 489: (1,1) (2,1) (3,1) (3,2) (3,3) (3,4) (4,4)
  facet 490: (1,1) (1,2) (1,3) (2,3) (3,3) (4,3) (4,4)
  facet 491: (1,1) (1,2) (2,2) (2,3) (3,3) (4,3) (4,4)
  facet 492: (1,1) (2,1) (2,2) (2,3) (3,3) (4,3) (4,4)
  facet 493: (1,1) (1,2) (2,2) (3,2) (3,3) (4,3) (4,4)
  facet 494: (1,1) (2,1) (2,2) (3,2) (3,3) (4,3) (4,4)
  facet 495: (1,1) (2,1) (3,1) (3,2) (3,3) (4,3) (4,4)
  facet 496: (1,1) (1,2) (2,2) (3,2) (4,2) (4,3) (4,4)
  facet 497: (1,1) (2,1) (2,2) (3,2) (4,2) (4,3) (4,4)
  facet 498: (1,1) (2,1) (3,1) (3,2) (4,2) (4,3) (4,4)
  facet 499: (1,1) (2,1) (3,1) (4,1) (4,2) (4,3) (4,4)
--- domain 2  (40 facets) ---
  facet 380: (0,1) (0,2) (0,3) (0,4) (2,4) (3,4) (4,4)
  facet 381: (0,1) (0,2) (0,3) (2,3) (2,4) (3,4) (4,4)
  facet 382: (0,1) (0,2) (2,2) (2,3) (2,4) (3,4) (4,4)
  facet 383: (0,1) (2,1) (2,2) (2,3) (2,4) (3,4) (4,4)
  facet 384: (0,1) (0,2) (0,3) (2,3) (3,3) (3,4) (4,4)
  facet 385: (0,1) (0,2) (2,2) (2,3) (3,3) (3,4) (4,4)
  facet 386: (0,1) (2,1) (2,2) (2,3) (3,3) (3,4) (4,4)
  facet 387: (0,1) (0,2) (2,2) (3,2) (3,3) (3,4) (4,4)
  facet 388: (0,1) (2,1) (2,2) (3,2) (3,3) (3,4) (4,4)
  facet 389: (0,1) (2,1) (3,1) (3,2) (3,3) (3,4) (4,4)
  facet 390: (0,1) (0,2) (0,3) (2,3) (3,3) (4,3) (4,4)
  facet 391: (0,1) (0,2) (2,2) (2,3) (3,3) (4,3) (4,4)
  facet 392: (0,1) (2,1) (2,2) (2,3) (3,3) (4,3) (4,4)
  facet 393: (0,1) (0,2) (2,2) (3,2) (3,3) (4,3) (4,4)
  facet 394: (0,1) (2,1) (2,2) (3,2) (3,3) (4,3) (4,4)
  facet 395: (0,1) (2,1) (3,1) (3,2) (3,3) (4,3) (4,4)
  facet 396: (0,1) (0,2) (2,2) (3,2) (4,2) (4,3) (4,4)
  facet 397: (0,1) (2,1) (2,2) (3,2) (4,2) (4,3) (4,4)
  facet 398: (0,1) (2,1) (3,1) (3,2) (4,2) (4,3) (4,4)
  facet 399: (0,1) (2,1) (3,1) (4,1) (4,2) (4,3) (4,4)
  facet 460: (1,0) (1,2) (1,3) (1,4) (2,4) (3,4) (4,4)
  facet 461: (1,0) (1,2) (1,3) (2,3) (2,4) (3,4) (4,4)
  facet 462: (1,0) (1,2) (2,2) (2,3) (2,4) (3,4) (4,4)
  facet 463: (1,0) (2,0) (2,2) (2,3) (2,4) (3,4) (4,4)
  facet 464: (1,0) (1,2) (1,3) (2,3) (3,3) (3,4) (4,4)
  facet 465: (1,0) (1,2) (2,2) (2,3) (3,3) (3,4) (4,4)
  facet 466: (1,0) (2,0) (2,2) (2,3) (3,3) (3,4) (4,4)
  facet 467: (1,0) (1,2) (2,2) (3,2) (3,3) (3,4) (4,4)
  facet 468: (1,0) (2,0) (2,2) (3,2) (3,3) (3,4) (4,4)
  facet 469: (1,0) (2,0) (3,0) (3,2) (3,3) (3,4) (4,4)
  facet 470: (1,0) (1,2) (1,3) (2,3) (3,3) (4,3) (4,4)
  facet 471: (1,0) (1,2) (2,2) (2,3) (3,3) (4,3) (4,4)
  facet 472: (1,0) (2,0) (2,2) (2,3) (3,3) (4,3) (4,4)
  facet 473: (1,0) (1,2) (2,2) (3,2) (3,3) (4,3) (4,4)
  facet 474: (1,0) (2,0) (2,2) (3,2) (3,3) (4,3) (4,4)
  facet 475: (1,0) (2,0) (3,0) (3,2) (3,3) (4,3) (4,4)
  facet 476: (1,0) (1,2) (2,2) (3,2) (4,2) (4,3) (4,4)
  facet 477: (1,0) (2,0) (2,2) (3,2) (4,2) (4,3) (4,4)
  facet 478: (1,0) (2,0) (3,0) (3,2) (4,2) (4,3) (4,4)
  facet 479: (1,0) (2,0) (3,0) (4,0) (4,2) (4,3) (4,4)
