KxK: 1176 maximal facets; cover with 13 domains (SC_strict <= 12)

--- domain 0  (216 facets) ---
  facet   0: (0,0) (0,1) (0,3) (1,3) (3,3)
  facet   1: (0,0) (0,1) (1,1) (1,3) (3,3)
  facet   2: (0,0) (1,0) (1,1) (1,3) (3,3)
  facet   3: (0,0) (0,1) (1,1) (3,1) (3,3)
  facet   4: (0,0) (1,0) (1,1) (3,1) (3,3)
  facet   5: (0,0) (1,0) (3,0) (3,1) (3,3)
  facet   6: (0,0) (0,2) (0,3) (1,3) (3,3)
  facet   7: (0,0) (0,2) (1,2) (1,3) (3,3)
  facet   8: (0,0) (1,0) (1,2) (1,3) (3,3)
  facet   9: (0,0) (0,2) (1,2) (3,2) (3,3)
  facet  10: (0,0) (1,0) (1,2) (3,2) (3,3)
  facet  11: (0,0) (1,0) (3,0) (3,2) (3,3)
  facet  48: (0,0) (0,4) (0,5) (1,5) (3,5)
  facet  49: (0,0) (0,4) (1,4) (1,5) (3,5)
  facet  50: (0,0) (1,0) (1,4) (1,5) (3,5)
  facet  51: (0,0) (0,4) (1,4) (3,4) (3,5)
  facet  52: (0,0) (1,0) (1,4) (3,4) (3,5)
  facet  53: (0,0) (1,0) (3,0) (3,4) (3,5)
  facet  54: (0,0) (0,4) (0,6) (1,6) (3,6)
  facet  55: (0,0) (0,4) (1,4) (1,6) (3,6)
  facet  56: (0,0) (1,0) (1,4) (1,6) (3,6)
  facet  57: (0,0) (0,4) (1,4) (3,4) (3,6)
  facet  58: (0,0) (1,0) (1,4) (3,4) (3,6)
  facet  59: (0,0) (1,0) (3,0) (3,4) (3,6)
  facet  66: (0,0) (0,1) (0,5) (1,5) (3,5)
  facet  67: (0,0) (0,1) (1,1) (1,5) (3,5)
  facet  68: (0,0) (1,0) (1,1) (1,5) (3,5)
  facet  69: (0,0) (0,1) (1,1) (3,1) (3,5)
  facet  70: (0,0) (1,0) (1,1) (3,1) (3,5)
  facet  71: (0,0) (1,0) (3,0) (3,1) (3,5)
  facet  72: (0,0) (0,2) (0,6) (1,6) (3,6)
  facet  73: (0,0) (0,2) (1,2) (1,6) (3,6)
  facet  74: (0,0) (1,0) (1,2) (1,6) (3,6)
  facet  75: (0,0) (0,2) (1,2) (3,2) (3,6)
  facet  76: (0,0) (1,0) (1,2) (3,2) (3,6)
  facet  77: (0,0) (1,0) (3,0) (3,2) (3,6)
  facet  84: (0,0) (0,1) (0,3) (2,3) (3,3)
  facet  85: (0,0) (0,1) (2,1) (2,3) (3,3)
  facet  86: (0,0) (2,0) (2,1) (2,3) (3,3)
  facet  87: (0,0) (0,1) (2,1) (3,1) (3,3)
  facet  88: (0,0) (2,0) (2,1) (3,1) (3,3)
  facet  89: (0,0) (2,0) (3,0) (3,1) (3,3)
  facet  90: (0,0) (0,2) (0,3) (2,3) (3,3)
  facet  91: (0,0) (0,2) (2,2) (2,3) (3,3)
  facet  92: (0,0) (2,0) (2,2) (2,3) (3,3)
  facet  93: (0,0) (0,2) (2,2) (3,2) (3,3)
  facet  94: (0,0) (2,0) (2,2) (3,2) (3,3)
  facet  95: (0,0) (2,0) (3,0) (3,2) (3,3)
  facet 132: (0,0) (0,4) (0,5) (2,5) (3,5)
  facet 133: (0,0) (0,4) (2,4) (2,5) (3,5)
  facet 134: (0,0) (2,0) (2,4) (2,5) (3,5)
  facet 135: (0,0) (0,4) (2,4) (3,4) (3,5)
  facet 136: (0,0) (2,0) (2,4) (3,4) (3,5)
  facet 137: (0,0) (2,0) (3,0) (3,4) (3,5)
  facet 138: (0,0) (0,4) (0,6) (2,6) (3,6)
  facet 139: (0,0) (0,4) (2,4) (2,6) (3,6)
  facet 140: (0,0) (2,0) (2,4) (2,6) (3,6)
  facet 141: (0,0) (0,4) (2,4) (3,4) (3,6)
  facet 142: (0,0) (2,0) (2,4) (3,4) (3,6)
  facet 143: (0,0) (2,0) (3,0) (3,4) (3,6)
  facet 150: (0,0) (0,1) (0,5) (2,5) (3,5)
  facet 151: (0,0) (0,1) (2,1) (2,5) (3,5)
  facet 152: (0,0) (2,0) (2,1) (2,5) (3,5)
  facet 153: (0,0) (0,1) (2,1) (3,1) (3,5)
  facet 154: (0,0) (2,0) (2,1) (3,1) (3,5)
  facet 155: (0,0) (2,0) (3,0) (3,1) (3,5)
  facet 156: (0,0) (0,2) (0,6) (2,6) (3,6)
  facet 157: (0,0) (0,2) (2,2) (2,6) (3,6)
  facet 158: (0,0) (2,0) (2,2) (2,6) (3,6)
  facet 159: (0,0) (0,2) (2,2) (3,2) (3,6)
  facet 160: (0,0) (2,0) (2,2) (3,2) (3,6)
  facet 161: (0,0) (2,0) (3,0) (3,2) (3,6)
  facet 672: (0,0) (0,1) (0,3) (4,3) (5,3)
  facet 673: (0,0) (0,1) (4,1) (4,3) (5,3)
  facet 674: (0,0) (4,0) (4,1) (4,3) (5,3)
  facet 675: (0,0) (0,1) (4,1) (5,1) (5,3)
  facet 676: (0,0) (4,0) (4,1) (5,1) (5,3)
  facet 677: (0,0) (4,0) (5,0) (5,1) (5,3)
  facet 678: (0,0) (0,2) (0,3) (4,3) (5,3)
  facet 679: (0,0) (0,2) (4,2) (4,3) (5,3)
  facet 680: (0,0) (4,0) (4,2) (4,3) (5,3)
  facet 681: (0,0) (0,2) (4,2) (5,2) (5,3)
  facet 682: (0,0) (4,0) (4,2) (5,2) (5,3)
  facet 683: (0,0) (4,0) (5,0) (5,2) (5,3)
  facet 720: (0,0) (0,4) (0,5) (4,5) (5,5)
  facet 721: (0,0) (0,4) (4,4) (4,5) (5,5)
  facet 722: (0,0) (4,0) (4,4) (4,5) (5,5)
  facet 723: (0,0) (0,4) (4,4) (5,4) (5,5)
  facet 724: (0,0) (4,0) (4,4) (5,4) (5,5)
  facet 725: (0,0) (4,0) (5,0) (5,4) (5,5)
  facet 726: (0,0) (0,4) (0,6) (4,6) (5,6)
  facet 727: (0,0) (0,4) (4,4) (4,6) (5,6)
  facet 728: (0,0) (4,0) (4,4) (4,6) (5,6)
  facet 729: (0,0) (0,4) (4,4) (5,4) (5,6)
  facet 730: (0,0) (4,0) (4,4) (5,4) (5,6)
  facet 731: (0,0) (4,0) (5,0) (5,4) (5,6)
  facet 738: (0,0) (0,1) (0,5) (4,5) (5,5)
  facet 739: (0,0) (0,1) (4,1) (4,5) (5,5)
  facet 740: (0,0) (4,0) (4,1) (4,5) (5,5)
  facet 741: (0,0) (0,1) (4,1) (5,1) (5,5)
  facet 742: (0,0) (4,0) (4,1) (5,1) (5,5)
  facet 743: (0,0) (4,0) (5,0) (5,1) (5,5)
  facet 744: (0,0) (0,2) (0,6) (4,6) (5,6)
  facet 745: (0,0) (0,2) (4,2) (4,6) (5,6)
  facet 746: (0,0) (4,0) (4,2) (4,6) (5,6)
  facet 747: (0,0) (0,2) (4,2) (5,2) (5,6)
  facet 748: (0,0) (4,0) (4,2) (5,2) (5,6)
  facet 749: (0,0) (4,0) (5,0) (5,2) (5,6)
  facet 756: (0,0) (0,1) (0,3) (4,3) (6,3)
  facet 757: (0,0) (0,1) (4,1) (4,3) (6,3)
  facet 758: (0,0) (4,0) (4,1) (4,3) (6,3)
  facet 759: (0,0) (0,1) (4,1) (6,1) (6,3)
  facet 760: (0,0) (4,0) (4,1) (6,1) (6,3)
  facet 761: (0,0) (4,0) (6,0) (6,1) (6,3)
  facet 762: (0,0) (0,2) (0,3) (4,3) (6,3)
  facet 763: (0,0) (0,2) (4,2) (4,3) (6,3)
  facet 764: (0,0) (4,0) (4,2) (4,3) (6,3)
  facet 765: (0,0) (0,2) (4,2) (6,2) (6,3)
  facet 766: (0,0) (4,0) (4,2) (6,2) (6,3)
  facet 767: (0,0) (4,0) (6,0) (6,2) (6,3)
  facet 804: (0,0) (0,4) (0,5) (4,5) (6,5)
  facet 805: (0,0) (0,4) (4,4) (4,5) (6,5)
  facet 806: (0,0) (4,0) (4,4) (4,5) (6,5)
  facet 807: (0,0) (0,4) (4,4) (6,4) (6,5)
  facet 808: (0,0) (4,0) (4,4) (6,4) (6,5)
  facet 809: (0,0) (4,0) (6,0) (6,4) (6,5)
  facet 810: (0,0) (0,4) (0,6) (4,6) (6,6)
  facet 811: (0,0) (0,4) (4,4) (4,6) (6,6)
  facet 812: (0,0) (4,0) (4,4) (4,6) (6,6)
  facet 813: (0,0) (0,4) (4,4) (6,4) (6,6)
  facet 814: (0,0) (4,0) (4,4) (6,4) (6,6)
  facet 815: (0,0) (4,0) (6,0) (6,4) (6,6)
  facet 822: (0,0) (0,1) (0,5) (4,5) (6,5)
  facet 823: (0,0) (0,1) (4,1) (4,5) (6,5)
  facet 824: (0,0) (4,0) (4,1) (4,5) (6,5)
  facet 825: (0,0) (0,1) (4,1) (6,1) (6,5)
  facet 826: (0,0) (4,0) (4,1) (6,1) (6,5)
  facet 827: (0,0) (4,0) (6,0) (6,1) (6,5)
  facet 828: (0,0) (0,2) (0,6) (4,6) (6,6)
  facet 829: (0,0) (0,2) (4,2) (4,6) (6,6)
  facet 830: (0,0) (4,0) (4,2) (4,6) (6,6)
  facet 831: (0,0) (0,2) (4,2) (6,2) (6,6)
  facet 832: (0,0) (4,0) (4,2) (6,2) (6,6)
  facet 833: (0,0) (4,0) (6,0) (6,2) (6,6)
  facet 924: (0,0) (0,1) (0,3) (1,3) (5,3)
  facet 925: (0,0) (0,1) (1,1) (1,3) (5,3)
  facet 926: (0,0) (1,0) (1,1) (1,3) (5,3)
  facet 927: (0,0) (0,1) (1,1) (5,1) (5,3)
  facet 928: (0,0) (1,0) (1,1) (5,1) (5,3)
  facet 929: (0,0) (1,0) (5,0) (5,1) (5,3)
  facet 930: (0,0) (0,2) (0,3) (1,3) (5,3)
  facet 931: (0,0) (0,2) (1,2) (1,3) (5,3)
  facet 932: (0,0) (1,0) (1,2) (1,3) (5,3)
  facet 933: (0,0) (0,2) (1,2) (5,2) (5,3)
  facet 934: (0,0) (1,0) (1,2) (5,2) (5,3)
  facet 935: (0,0) (1,0) (5,0) (5,2) (5,3)
  facet 972: (0,0) (0,4) (0,5) (1,5) (5,5)
  facet 973: (0,0) (0,4) (1,4) (1,5) (5,5)
  facet 974: (0,0) (1,0) (1,4) (1,5) (5,5)
  facet 975: (0,0) (0,4) (1,4) (5,4) (5,5)
  facet 976: (0,0) (1,0) (1,4) (5,4) (5,5)
  facet 977: (0,0) (1,0) (5,0) (5,4) (5,5)
  facet 978: (0,0) (0,4) (0,6) (1,6) (5,6)
  facet 979: (0,0) (0,4) (1,4) (1,6) (5,6)
  facet 980: (0,0) (1,0) (1,4) (1,6) (5,6)
  facet 981: (0,0) (0,4) (1,4) (5,4) (5,6)
  facet 982: (0,0) (1,0) (1,4) (5,4) (5,6)
  facet 983: (0,0) (1,0) (5,0) (5,4) (5,6)
  facet 990: (0,0) (0,1) (0,5) (1,5) (5,5)
  facet 991: (0,0) (0,1) (1,1) (1,5) (5,5)
  facet 992: (0,0) (1,0) (1,1) (1,5) (5,5)
  facet 993: (0,0) (0,1) (1,1) (5,1) (5,5)
  facet 994: (0,0) (1,0) (1,1) (5,1) (5,5)
  facet 995: (0,0) (1,0) (5,0) (5,1) (5,5)
  facet 996: (0,0) (0,2) (0,6) (1,6) (5,6)
  facet 997: (0,0) (0,2) (1,2) (1,6) (5,6)
  facet 998: (0,0) (1,0) (1,2) (1,6) (5,6)
  facet 999: (0,0) (0,2) (1,2) (5,2) (5,6)
  facet 1000: (0,0) (1,0) (1,2) (5,2) (5,6)
  facet 1001: (0,0) (1,0) (5,0) (5,2) (5,6)
  facet 1008: (0,0) (0,1) (0,3) (2,3) (6,3)
  facet 1009: (0,0) (0,1) (2,1) (2,3) (6,3)
  facet 1010: (0,0) (2,0) (2,1) (2,3) (6,3)
  facet 1011: (0,0) (0,1) (2,1) (6,1) (6,3)
  facet 1012: (0,0) (2,0) (2,1) (6,1) (6,3)
  facet 1013: (0,0) (2,0) (6,0) (6,1) (6,3)
  facet 1014: (0,0) (0,2) (0,3) (2,3) (6,3)
  facet 1015: (0,0) (0,2) (2,2) (2,3) (6,3)
  facet 1016: (0,0) (2,0) (2,2) (2,3) (6,3)
  facet 1017: (0,0) (0,2) (2,2) (6,2) (6,3)
  facet 1018: (0,0) (2,0) (2,2) (6,2) (6,3)
  facet 1019: (0,0) (2,0) (6,0) (6,2) (6,3)
  facet 1056: (0,0) (0,4) (0,5) (2,5) (6,5)
  facet 1057: (0,0) (0,4) (2,4) (2,5) (6,5)
  facet 1058: (0,0) (2,0) (2,4) (2,5) (6,5)
  facet 1059: (0,0) (0,4) (2,4) (6,4) (6,5)
  facet 1060: (0,0) (2,0) (2,4) (6,4) (6,5)
  facet 1061: (0,0) (2,0) (6,0) (6,4) (6,5)
  facet 1062: (0,0) (0,4) (0,6) (2,6) (6,6)
  facet 1063: (0,0) (0,4) (2,4) (2,6) (6,6)
  facet 1064: (0,0) (2,0) (2,4) (2,6) (6,6)
  facet 1065: (0,0) (0,4) (2,4) (6,4) (6,6)
  facet 1066: (0,0) (2,0) (2,4) (6,4) (6,6)
  facet 1067: (0,0) (2,0) (6,0) (6,4) (6,6)
  facet 1074: (0,0) (0,1) (0,5) (2,5) (6,5)
  facet 1075: (0,0) (0,1) (2,1) (2,5) (6,5)
  facet 1076: (0,0) (2,0) (2,1) (2,5) (6,5)
  facet 1077: (0,0) (0,1) (2,1) (6,1) (6,5)
  facet 1078: (0,0) (2,0) (2,1) (6,1) (6,5)
  facet 1079: (0,0) (2,0) (6,0) (6,1) (6,5)
  facet 1080: (0,0) (0,2) (0,6) (2,6) (6,6)
  facet 1081: (0,0) (0,2) (2,2) (2,6) (6,6)
  facet 1082: (0,0) (2,0) (2,2) (2,6) (6,6)
  facet 1083: (0,0) (0,2) (2,2) (6,2) (6,6)
  facet 1084: (0,0) (2,0) (2,2) (6,2) (6,6)
  facet 1085: (0,0) (2,0) (6,0) (6,2) (6,6)
--- domain 1  (192 facets) ---
  facet  12: (0,1) (0,2) (0,4) (1,4) (3,4)
  facet  13: (0,1) (0,2) (1,2) (1,4) (3,4)
  facet  14: (0,1) (1,1) (1,2) (1,4) (3,4)
  facet  15: (0,1) (0,2) (1,2) (3,2) (3,4)
  facet  16: (0,1) (1,1) (1,2) (3,2) (3,4)
  facet  17: (0,1) (1,1) (3,1) (3,2) (3,4)
  facet  18: (0,1) (0,3) (0,4) (1,4) (3,4)
  facet  19: (0,1) (0,3) (1,3) (1,4) (3,4)
  facet  20: (0,1) (1,1) (1,3) (1,4) (3,4)
  facet  21: (0,1) (0,3) (1,3) (3,3) (3,4)
  facet  22: (0,1) (1,1) (1,3) (3,3) (3,4)
  facet  23: (0,1) (1,1) (3,1) (3,3) (3,4)
  facet  60: (0,1) (0,5) (0,6) (1,6) (3,6)
  facet  61: (0,1) (0,5) (1,5) (1,6) (3,6)
  facet  62: (0,1) (1,1) (1,5) (1,6) (3,6)
  facet  63: (0,1) (0,5) (1,5) (3,5) (3,6)
  facet  64: (0,1) (1,1) (1,5) (3,5) (3,6)
  facet  65: (0,1) (1,1) (3,1) (3,5) (3,6)
  facet  78: (0,1) (0,2) (0,6) (1,6) (3,6)
  facet  79: (0,1) (0,2) (1,2) (1,6) (3,6)
  facet  80: (0,1) (1,1) (1,2) (1,6) (3,6)
  facet  81: (0,1) (0,2) (1,2) (3,2) (3,6)
  facet  82: (0,1) (1,1) (1,2) (3,2) (3,6)
  facet  83: (0,1) (1,1) (3,1) (3,2) (3,6)
  facet 168: (1,0) (1,1) (1,3) (2,3) (4,3)
  facet 169: (1,0) (1,1) (2,1) (2,3) (4,3)
  facet 170: (1,0) (2,0) (2,1) (2,3) (4,3)
  facet 171: (1,0) (1,1) (2,1) (4,1) (4,3)
  facet 172: (1,0) (2,0) (2,1) (4,1) (4,3)
  facet 173: (1,0) (2,0) (4,0) (4,1) (4,3)
  facet 180: (1,1) (1,2) (1,4) (2,4) (4,4)
  facet 181: (1,1) (1,2) (2,2) (2,4) (4,4)
  facet 182: (1,1) (2,1) (2,2) (2,4) (4,4)
  facet 183: (1,1) (1,2) (2,2) (4,2) (4,4)
  facet 184: (1,1) (2,1) (2,2) (4,2) (4,4)
  facet 185: (1,1) (2,1) (4,1) (4,2) (4,4)
  facet 186: (1,1) (1,3) (1,4) (2,4) (4,4)
  facet 187: (1,1) (1,3) (2,3) (2,4) (4,4)
  facet 188: (1,1) (2,1) (2,3) (2,4) (4,4)
  facet 189: (1,1) (1,3) (2,3) (4,3) (4,4)
  facet 190: (1,1) (2,1) (2,3) (4,3) (4,4)
  facet 191: (1,1) (2,1) (4,1) (4,3) (4,4)
  facet 228: (1,1) (1,5) (1,6) (2,6) (4,6)
  facet 229: (1,1) (1,5) (2,5) (2,6) (4,6)
  facet 230: (1,1) (2,1) (2,5) (2,6) (4,6)
  facet 231: (1,1) (1,5) (2,5) (4,5) (4,6)
  facet 232: (1,1) (2,1) (2,5) (4,5) (4,6)
  facet 233: (1,1) (2,1) (4,1) (4,5) (4,6)
  facet 234: (1,0) (1,1) (1,5) (2,5) (4,5)
  facet 235: (1,0) (1,1) (2,1) (2,5) (4,5)
  facet 236: (1,0) (2,0) (2,1) (2,5) (4,5)
  facet 237: (1,0) (1,1) (2,1) (4,1) (4,5)
  facet 238: (1,0) (2,0) (2,1) (4,1) (4,5)
  facet 239: (1,0) (2,0) (4,0) (4,1) (4,5)
  facet 246: (1,1) (1,2) (1,6) (2,6) (4,6)
  facet 247: (1,1) (1,2) (2,2) (2,6) (4,6)
  facet 248: (1,1) (2,1) (2,2) (2,6) (4,6)
  facet 249: (1,1) (1,2) (2,2) (4,2) (4,6)
  facet 250: (1,1) (2,1) (2,2) (4,2) (4,6)
  facet 251: (1,1) (2,1) (4,1) (4,2) (4,6)
  facet 252: (1,0) (1,1) (1,3) (3,3) (4,3)
  facet 253: (1,0) (1,1) (3,1) (3,3) (4,3)
  facet 254: (1,0) (3,0) (3,1) (3,3) (4,3)
  facet 255: (1,0) (1,1) (3,1) (4,1) (4,3)
  facet 256: (1,0) (3,0) (3,1) (4,1) (4,3)
  facet 257: (1,0) (3,0) (4,0) (4,1) (4,3)
  facet 264: (1,1) (1,2) (1,4) (3,4) (4,4)
  facet 265: (1,1) (1,2) (3,2) (3,4) (4,4)
  facet 266: (1,1) (3,1) (3,2) (3,4) (4,4)
  facet 267: (1,1) (1,2) (3,2) (4,2) (4,4)
  facet 268: (1,1) (3,1) (3,2) (4,2) (4,4)
  facet 269: (1,1) (3,1) (4,1) (4,2) (4,4)
  facet 270: (1,1) (1,3) (1,4) (3,4) (4,4)
  facet 271: (1,1) (1,3) (3,3) (3,4) (4,4)
  facet 272: (1,1) (3,1) (3,3) (3,4) (4,4)
  facet 273: (1,1) (1,3) (3,3) (4,3) (4,4)
  facet 274: (1,1) (3,1) (3,3) (4,3) (4,4)
  facet 275: (1,1) (3,1) (4,1) (4,3) (4,4)
  facet 312: (1,1) (1,5) (1,6) (3,6) (4,6)
  facet 313: (1,1) (1,5) (3,5) (3,6) (4,6)
  facet 314: (1,1) (3,1) (3,5) (3,6) (4,6)
  facet 315: (1,1) (1,5) (3,5) (4,5) (4,6)
  facet 316: (1,1) (3,1) (3,5) (4,5) (4,6)
  facet 317: (1,1) (3,1) (4,1) (4,5) (4,6)
  facet 318: (1,0) (1,1) (1,5) (3,5) (4,5)
  facet 319: (1,0) (1,1) (3,1) (3,5) (4,5)
  facet 320: (1,0) (3,0) (3,1) (3,5) (4,5)
  facet 321: (1,0) (1,1) (3,1) (4,1) (4,5)
  facet 322: (1,0) (3,0) (3,1) (4,1) (4,5)
  facet 323: (1,0) (3,0) (4,0) (4,1) (4,5)
  facet 330: (1,1) (1,2) (1,6) (3,6) (4,6)
  facet 331: (1,1) (1,2) (3,2) (3,6) (4,6)
  facet 332: (1,1) (3,1) (3,2) (3,6) (4,6)
  facet 333: (1,1) (1,2) (3,2) (4,2) (4,6)
  facet 334: (1,1) (3,1) (3,2) (4,2) (4,6)
  facet 335: (1,1) (3,1) (4,1) (4,2) (4,6)
  facet 840: (1,0) (1,1) (1,3) (5,3) (6,3)
  facet 841: (1,0) (1,1) (5,1) (5,3) (6,3)
  facet 842: (1,0) (5,0) (5,1) (5,3) (6,3)
  facet 843: (1,0) (1,1) (5,1) (6,1) (6,3)
  facet 844: (1,0) (5,0) (5,1) (6,1) (6,3)
  facet 845: (1,0) (5,0) (6,0) (6,1) (6,3)
  facet 852: (1,1) (1,2) (1,4) (5,4) (6,4)
  facet 853: (1,1) (1,2) (5,2) (5,4) (6,4)
  facet 854: (1,1) (5,1) (5,2) (5,4) (6,4)
  facet 855: (1,1) (1,2) (5,2) (6,2) (6,4)
  facet 856: (1,1) (5,1) (5,2) (6,2) (6,4)
  facet 857: (1,1) (5,1) (6,1) (6,2) (6,4)
  facet 858: (1,1) (1,3) (1,4) (5,4) (6,4)
  facet 859: (1,1) (1,3) (5,3) (5,4) (6,4)
  facet 860: (1,1) (5,1) (5,3) (5,4) (6,4)
  facet 861: (1,1) (1,3) (5,3) (6,3) (6,4)
  facet 862: (1,1) (5,1) (5,3) (6,3) (6,4)
  facet 863: (1,1) (5,1) (6,1) (6,3) (6,4)
  facet 900: (1,1) (1,5) (1,6) (5,6) (6,6)
  facet 901: (1,1) (1,5) (5,5) (5,6) (6,6)
  facet 902: (1,1) (5,1) (5,5) (5,6) (6,6)
  facet 903: (1,1) (1,5) (5,5) (6,5) (6,6)
  facet 904: (1,1) (5,1) (5,5) (6,5) (6,6)
  facet 905: (1,1) (5,1) (6,1) (6,5) (6,6)
  facet 906: (1,0) (1,1) (1,5) (5,5) (6,5)
  facet 907: (1,0) (1,1) (5,1) (5,5) (6,5)
  facet 908: (1,0) (5,0) (5,1) (5,5) (6,5)
  facet 909: (1,0) (1,1) (5,1) (6,1) (6,5)
  facet 910: (1,0) (5,0) (5,1) (6,1) (6,5)
  facet 911: (1,0) (5,0) (6,0) (6,1) (6,5)
  facet 918: (1,1) (1,2) (1,6) (5,6) (6,6)
  facet 919: (1,1) (1,2) (5,2) (5,6) (6,6)
  facet 920: (1,1) (5,1) (5,2) (5,6) (6,6)
  facet 921: (1,1) (1,2) (5,2) (6,2) (6,6)
  facet 922: (1,1) (5,1) (5,2) (6,2) (6,6)
  facet 923: (1,1) (5,1) (6,1) (6,2) (6,6)
  facet 936: (0,1) (0,2) (0,4) (1,4) (5,4)
  facet 937: (0,1) (0,2) (1,2) (1,4) (5,4)
  facet 938: (0,1) (1,1) (1,2) (1,4) (5,4)
  facet 939: (0,1) (0,2) (1,2) (5,2) (5,4)
  facet 940: (0,1) (1,1) (1,2) (5,2) (5,4)
  facet 941: (0,1) (1,1) (5,1) (5,2) (5,4)
  facet 942: (0,1) (0,3) (0,4) (1,4) (5,4)
  facet 943: (0,1) (0,3) (1,3) (1,4) (5,4)
  facet 944: (0,1) (1,1) (1,3) (1,4) (5,4)
  facet 945: (0,1) (0,3) (1,3) (5,3) (5,4)
  facet 946: (0,1) (1,1) (1,3) (5,3) (5,4)
  facet 947: (0,1) (1,1) (5,1) (5,3) (5,4)
  facet 984: (0,1) (0,5) (0,6) (1,6) (5,6)
  facet 985: (0,1) (0,5) (1,5) (1,6) (5,6)
  facet 986: (0,1) (1,1) (1,5) (1,6) (5,6)
  facet 987: (0,1) (0,5) (1,5) (5,5) (5,6)
  facet 988: (0,1) (1,1) (1,5) (5,5) (5,6)
  facet 989: (0,1) (1,1) (5,1) (5,5) (5,6)
  facet 1002: (0,1) (0,2) (0,6) (1,6) (5,6)
  facet 1003: (0,1) (0,2) (1,2) (1,6) (5,6)
  facet 1004: (0,1) (1,1) (1,2) (1,6) (5,6)
  facet 1005: (0,1) (0,2) (1,2) (5,2) (5,6)
  facet 1006: (0,1) (1,1) (1,2) (5,2) (5,6)
  facet 1007: (0,1) (1,1) (5,1) (5,2) (5,6)
  facet 1092: (1,0) (1,1) (1,3) (2,3) (6,3)
  facet 1093: (1,0) (1,1) (2,1) (2,3) (6,3)
  facet 1094: (1,0) (2,0) (2,1) (2,3) (6,3)
  facet 1095: (1,0) (1,1) (2,1) (6,1) (6,3)
  facet 1096: (1,0) (2,0) (2,1) (6,1) (6,3)
  facet 1097: (1,0) (2,0) (6,0) (6,1) (6,3)
  facet 1104: (1,1) (1,2) (1,4) (2,4) (6,4)
  facet 1105: (1,1) (1,2) (2,2) (2,4) (6,4)
  facet 1106: (1,1) (2,1) (2,2) (2,4) (6,4)
  facet 1107: (1,1) (1,2) (2,2) (6,2) (6,4)
  facet 1108: (1,1) (2,1) (2,2) (6,2) (6,4)
  facet 1109: (1,1) (2,1) (6,1) (6,2) (6,4)
  facet 1110: (1,1) (1,3) (1,4) (2,4) (6,4)
  facet 1111: (1,1) (1,3) (2,3) (2,4) (6,4)
  facet 1112: (1,1) (2,1) (2,3) (2,4) (6,4)
  facet 1113: (1,1) (1,3) (2,3) (6,3) (6,4)
  facet 1114: (1,1) (2,1) (2,3) (6,3) (6,4)
  facet 1115: (1,1) (2,1) (6,1) (6,3) (6,4)
  facet 1152: (1,1) (1,5) (1,6) (2,6) (6,6)
  facet 1153: (1,1) (1,5) (2,5) (2,6) (6,6)
  facet 1154: (1,1) (2,1) (2,5) (2,6) (6,6)
  facet 1155: (1,1) (1,5) (2,5) (6,5) (6,6)
  facet 1156: (1,1) (2,1) (2,5) (6,5) (6,6)
  facet 1157: (1,1) (2,1) (6,1) (6,5) (6,6)
  facet 1158: (1,0) (1,1) (1,5) (2,5) (6,5)
  facet 1159: (1,0) (1,1) (2,1) (2,5) (6,5)
  facet 1160: (1,0) (2,0) (2,1) (2,5) (6,5)
  facet 1161: (1,0) (1,1) (2,1) (6,1) (6,5)
  facet 1162: (1,0) (2,0) (2,1) (6,1) (6,5)
  facet 1163: (1,0) (2,0) (6,0) (6,1) (6,5)
  facet 1170: (1,1) (1,2) (1,6) (2,6) (6,6)
  facet 1171: (1,1) (1,2) (2,2) (2,6) (6,6)
  facet 1172: (1,1) (2,1) (2,2) (2,6) (6,6)
  facet 1173: (1,1) (1,2) (2,2) (6,2) (6,6)
  facet 1174: (1,1) (2,1) (2,2) (6,2) (6,6)
  facet 1175: (1,1) (2,1) (6,1) (6,2) (6,6)
--- domain 2  (174 facets) ---
  facet  24: (0,2) (0,3) (0,5) (1,5) (3,5)
  facet  25: (0,2) (0,3) (1,3) (1,5) (3,5)
  facet  26: (0,2) (1,2) (1,3) (1,5) (3,5)
  facet  27: (0,2) (0,3) (1,3) (3,3) (3,5)
  facet  28: (0,2) (1,2) (1,3) (3,3) (3,5)
  facet  29: (0,2) (1,2) (3,2) (3,3) (3,5)
  facet  36: (0,3) (0,4) (0,6) (1,6) (3,6)
  facet  37: (0,3) (0,4) (1,4) (1,6) (3,6)
  facet  38: (0,3) (1,3) (1,4) (1,6) (3,6)
  facet  39: (0,3) (0,4) (1,4) (3,4) (3,6)
  facet  40: (0,3) (1,3) (1,4) (3,4) (3,6)
  facet  41: (0,3) (1,3) (3,3) (3,4) (3,6)
  facet  42: (0,3) (0,5) (0,6) (1,6) (3,6)
  facet  43: (0,3) (0,5) (1,5) (1,6) (3,6)
  facet  44: (0,3) (1,3) (1,5) (1,6) (3,6)
  facet  45: (0,3) (0,5) (1,5) (3,5) (3,6)
  facet  46: (0,3) (1,3) (1,5) (3,5) (3,6)
  facet  47: (0,3) (1,3) (3,3) (3,5) (3,6)
  facet 102: (0,1) (0,3) (0,4) (2,4) (3,4)
  facet 103: (0,1) (0,3) (2,3) (2,4) (3,4)
  facet 104: (0,1) (2,1) (2,3) (2,4) (3,4)
  facet 105: (0,1) (0,3) (2,3) (3,3) (3,4)
  facet 106: (0,1) (2,1) (2,3) (3,3) (3,4)
  facet 107: (0,1) (2,1) (3,1) (3,3) (3,4)
  facet 108: (0,2) (0,3) (0,5) (2,5) (3,5)
  facet 109: (0,2) (0,3) (2,3) (2,5) (3,5)
  facet 110: (0,2) (2,2) (2,3) (2,5) (3,5)
  facet 111: (0,2) (0,3) (2,3) (3,3) (3,5)
  facet 112: (0,2) (2,2) (2,3) (3,3) (3,5)
  facet 113: (0,2) (2,2) (3,2) (3,3) (3,5)
  facet 120: (0,3) (0,4) (0,6) (2,6) (3,6)
  facet 121: (0,3) (0,4) (2,4) (2,6) (3,6)
  facet 122: (0,3) (2,3) (2,4) (2,6) (3,6)
  facet 123: (0,3) (0,4) (2,4) (3,4) (3,6)
  facet 124: (0,3) (2,3) (2,4) (3,4) (3,6)
  facet 125: (0,3) (2,3) (3,3) (3,4) (3,6)
  facet 126: (0,3) (0,5) (0,6) (2,6) (3,6)
  facet 127: (0,3) (0,5) (2,5) (2,6) (3,6)
  facet 128: (0,3) (2,3) (2,5) (2,6) (3,6)
  facet 129: (0,3) (0,5) (2,5) (3,5) (3,6)
  facet 130: (0,3) (2,3) (2,5) (3,5) (3,6)
  facet 131: (0,3) (2,3) (3,3) (3,5) (3,6)
  facet 258: (1,0) (1,2) (1,3) (3,3) (4,3)
  facet 259: (1,0) (1,2) (3,2) (3,3) (4,3)
  facet 260: (1,0) (3,0) (3,2) (3,3) (4,3)
  facet 261: (1,0) (1,2) (3,2) (4,2) (4,3)
  facet 262: (1,0) (3,0) (3,2) (4,2) (4,3)
  facet 263: (1,0) (3,0) (4,0) (4,2) (4,3)
  facet 276: (1,2) (1,3) (1,5) (3,5) (4,5)
  facet 277: (1,2) (1,3) (3,3) (3,5) (4,5)
  facet 278: (1,2) (3,2) (3,3) (3,5) (4,5)
  facet 279: (1,2) (1,3) (3,3) (4,3) (4,5)
  facet 280: (1,2) (3,2) (3,3) (4,3) (4,5)
  facet 281: (1,2) (3,2) (4,2) (4,3) (4,5)
  facet 288: (1,3) (1,4) (1,6) (3,6) (4,6)
  facet 289: (1,3) (1,4) (3,4) (3,6) (4,6)
  facet 290: (1,3) (3,3) (3,4) (3,6) (4,6)
  facet 291: (1,3) (1,4) (3,4) (4,4) (4,6)
  facet 292: (1,3) (3,3) (3,4) (4,4) (4,6)
  facet 293: (1,3) (3,3) (4,3) (4,4) (4,6)
  facet 294: (1,3) (1,5) (1,6) (3,6) (4,6)
  facet 295: (1,3) (1,5) (3,5) (3,6) (4,6)
  facet 296: (1,3) (3,3) (3,5) (3,6) (4,6)
  facet 297: (1,3) (1,5) (3,5) (4,5) (4,6)
  facet 298: (1,3) (3,3) (3,5) (4,5) (4,6)
  facet 299: (1,3) (3,3) (4,3) (4,5) (4,6)
  facet 336: (2,0) (2,1) (2,3) (3,3) (5,3)
  facet 337: (2,0) (2,1) (3,1) (3,3) (5,3)
  facet 338: (2,0) (3,0) (3,1) (3,3) (5,3)
  facet 339: (2,0) (2,1) (3,1) (5,1) (5,3)
  facet 340: (2,0) (3,0) (3,1) (5,1) (5,3)
  facet 341: (2,0) (3,0) (5,0) (5,1) (5,3)
  facet 342: (2,0) (2,2) (2,3) (3,3) (5,3)
  facet 343: (2,0) (2,2) (3,2) (3,3) (5,3)
  facet 344: (2,0) (3,0) (3,2) (3,3) (5,3)
  facet 345: (2,0) (2,2) (3,2) (5,2) (5,3)
  facet 346: (2,0) (3,0) (3,2) (5,2) (5,3)
  facet 347: (2,0) (3,0) (5,0) (5,2) (5,3)
  facet 354: (2,1) (2,3) (2,4) (3,4) (5,4)
  facet 355: (2,1) (2,3) (3,3) (3,4) (5,4)
  facet 356: (2,1) (3,1) (3,3) (3,4) (5,4)
  facet 357: (2,1) (2,3) (3,3) (5,3) (5,4)
  facet 358: (2,1) (3,1) (3,3) (5,3) (5,4)
  facet 359: (2,1) (3,1) (5,1) (5,3) (5,4)
  facet 360: (2,2) (2,3) (2,5) (3,5) (5,5)
  facet 361: (2,2) (2,3) (3,3) (3,5) (5,5)
  facet 362: (2,2) (3,2) (3,3) (3,5) (5,5)
  facet 363: (2,2) (2,3) (3,3) (5,3) (5,5)
  facet 364: (2,2) (3,2) (3,3) (5,3) (5,5)
  facet 365: (2,2) (3,2) (5,2) (5,3) (5,5)
  facet 372: (2,3) (2,4) (2,6) (3,6) (5,6)
  facet 373: (2,3) (2,4) (3,4) (3,6) (5,6)
  facet 374: (2,3) (3,3) (3,4) (3,6) (5,6)
  facet 375: (2,3) (2,4) (3,4) (5,4) (5,6)
  facet 376: (2,3) (3,3) (3,4) (5,4) (5,6)
  facet 377: (2,3) (3,3) (5,3) (5,4) (5,6)
  facet 378: (2,3) (2,5) (2,6) (3,6) (5,6)
  facet 379: (2,3) (2,5) (3,5) (3,6) (5,6)
  facet 380: (2,3) (3,3) (3,5) (3,6) (5,6)
  facet 381: (2,3) (2,5) (3,5) (5,5) (5,6)
  facet 382: (2,3) (3,3) (3,5) (5,5) (5,6)
  facet 383: (2,3) (3,3) (5,3) (5,5) (5,6)
  facet 504: (3,0) (3,1) (3,3) (4,3) (6,3)
  facet 505: (3,0) (3,1) (4,1) (4,3) (6,3)
  facet 506: (3,0) (4,0) (4,1) (4,3) (6,3)
  facet 507: (3,0) (3,1) (4,1) (6,1) (6,3)
  facet 508: (3,0) (4,0) (4,1) (6,1) (6,3)
  facet 509: (3,0) (4,0) (6,0) (6,1) (6,3)
  facet 510: (3,0) (3,2) (3,3) (4,3) (6,3)
  facet 511: (3,0) (3,2) (4,2) (4,3) (6,3)
  facet 512: (3,0) (4,0) (4,2) (4,3) (6,3)
  facet 513: (3,0) (3,2) (4,2) (6,2) (6,3)
  facet 514: (3,0) (4,0) (4,2) (6,2) (6,3)
  facet 515: (3,0) (4,0) (6,0) (6,2) (6,3)
  facet 522: (3,1) (3,3) (3,4) (4,4) (6,4)
  facet 523: (3,1) (3,3) (4,3) (4,4) (6,4)
  facet 524: (3,1) (4,1) (4,3) (4,4) (6,4)
  facet 525: (3,1) (3,3) (4,3) (6,3) (6,4)
  facet 526: (3,1) (4,1) (4,3) (6,3) (6,4)
  facet 527: (3,1) (4,1) (6,1) (6,3) (6,4)
  facet 528: (3,2) (3,3) (3,5) (4,5) (6,5)
  facet 529: (3,2) (3,3) (4,3) (4,5) (6,5)
  facet 530: (3,2) (4,2) (4,3) (4,5) (6,5)
  facet 531: (3,2) (3,3) (4,3) (6,3) (6,5)
  facet 532: (3,2) (4,2) (4,3) (6,3) (6,5)
  facet 533: (3,2) (4,2) (6,2) (6,3) (6,5)
  facet 540: (3,3) (3,4) (3,6) (4,6) (6,6)
  facet 541: (3,3) (3,4) (4,4) (4,6) (6,6)
  facet 542: (3,3) (4,3) (4,4) (4,6) (6,6)
  facet 543: (3,3) (3,4) (4,4) (6,4) (6,6)
  facet 544: (3,3) (4,3) (4,4) (6,4) (6,6)
  facet 545: (3,3) (4,3) (6,3) (6,4) (6,6)
  facet 546: (3,3) (3,5) (3,6) (4,6) (6,6)
  facet 547: (3,3) (3,5) (4,5) (4,6) (6,6)
  facet 548: (3,3) (4,3) (4,5) (4,6) (6,6)
  facet 549: (3,3) (3,5) (4,5) (6,5) (6,6)
  facet 550: (3,3) (4,3) (4,5) (6,5) (6,6)
  facet 551: (3,3) (4,3) (6,3) (6,5) (6,6)
  facet 588: (3,0) (3,1) (3,3) (5,3) (6,3)
  facet 589: (3,0) (3,1) (5,1) (5,3) (6,3)
  facet 590: (3,0) (5,0) (5,1) (5,3) (6,3)
  facet 591: (3,0) (3,1) (5,1) (6,1) (6,3)
  facet 592: (3,0) (5,0) (5,1) (6,1) (6,3)
  facet 593: (3,0) (5,0) (6,0) (6,1) (6,3)
  facet 594: (3,0) (3,2) (3,3) (5,3) (6,3)
  facet 595: (3,0) (3,2) (5,2) (5,3) (6,3)
  facet 596: (3,0) (5,0) (5,2) (5,3) (6,3)
  facet 597: (3,0) (3,2) (5,2) (6,2) (6,3)
  facet 598: (3,0) (5,0) (5,2) (6,2) (6,3)
  facet 599: (3,0) (5,0) (6,0) (6,2) (6,3)
  facet 606: (3,1) (3,3) (3,4) (5,4) (6,4)
  facet 607: (3,1) (3,3) (5,3) (5,4) (6,4)
  facet 608: (3,1) (5,1) (5,3) (5,4) (6,4)
  facet 609: (3,1) (3,3) (5,3) (6,3) (6,4)
  facet 610: (3,1) (5,1) (5,3) (6,3) (6,4)
  facet 611: (3,1) (5,1) (6,1) (6,3) (6,4)
  facet 612: (3,2) (3,3) (3,5) (5,5) (6,5)
  facet 613: (3,2) (3,3) (5,3) (5,5) (6,5)
  facet 614: (3,2) (5,2) (5,3) (5,5) (6,5)
  facet 615: (3,2) (3,3) (5,3) (6,3) (6,5)
  facet 616: (3,2) (5,2) (5,3) (6,3) (6,5)
  facet 617: (3,2) (5,2) (6,2) (6,3) (6,5)
  facet 624: (3,3) (3,4) (3,6) (5,6) (6,6)
  facet 625: (3,3) (3,4) (5,4) (5,6) (6,6)
  facet 626: (3,3) (5,3) (5,4) (5,6) (6,6)
  facet 627: (3,3) (3,4) (5,4) (6,4) (6,6)
  facet 628: (3,3) (5,3) (5,4) (6,4) (6,6)
  facet 629: (3,3) (5,3) (6,3) (6,4) (6,6)
  facet 630: (3,3) (3,5) (3,6) (5,6) (6,6)
  facet 631: (3,3) (3,5) (5,5) (5,6) (6,6)
  facet 632: (3,3) (5,3) (5,5) (5,6) (6,6)
  facet 633: (3,3) (3,5) (5,5) (6,5) (6,6)
  facet 634: (3,3) (5,3) (5,5) (6,5) (6,6)
  facet 635: (3,3) (5,3) (6,3) (6,5) (6,6)
--- domain 3  (150 facets) ---
  facet  96: (0,1) (0,2) (0,4) (2,4) (3,4)
  facet  97: (0,1) (0,2) (2,2) (2,4) (3,4)
  facet  98: (0,1) (2,1) (2,2) (2,4) (3,4)
  facet  99: (0,1) (0,2) (2,2) (3,2) (3,4)
  facet 100: (0,1) (2,1) (2,2) (3,2) (3,4)
  facet 101: (0,1) (2,1) (3,1) (3,2) (3,4)
  facet 114: (0,2) (0,4) (0,5) (2,5) (3,5)
  facet 115: (0,2) (0,4) (2,4) (2,5) (3,5)
  facet 116: (0,2) (2,2) (2,4) (2,5) (3,5)
  facet 117: (0,2) (0,4) (2,4) (3,4) (3,5)
  facet 118: (0,2) (2,2) (2,4) (3,4) (3,5)
  facet 119: (0,2) (2,2) (3,2) (3,4) (3,5)
  facet 162: (0,1) (0,2) (0,6) (2,6) (3,6)
  facet 163: (0,1) (0,2) (2,2) (2,6) (3,6)
  facet 164: (0,1) (2,1) (2,2) (2,6) (3,6)
  facet 165: (0,1) (0,2) (2,2) (3,2) (3,6)
  facet 166: (0,1) (2,1) (2,2) (3,2) (3,6)
  facet 167: (0,1) (2,1) (3,1) (3,2) (3,6)
  facet 174: (1,0) (1,2) (1,3) (2,3) (4,3)
  facet 175: (1,0) (1,2) (2,2) (2,3) (4,3)
  facet 176: (1,0) (2,0) (2,2) (2,3) (4,3)
  facet 177: (1,0) (1,2) (2,2) (4,2) (4,3)
  facet 178: (1,0) (2,0) (2,2) (4,2) (4,3)
  facet 179: (1,0) (2,0) (4,0) (4,2) (4,3)
  facet 192: (1,2) (1,3) (1,5) (2,5) (4,5)
  facet 193: (1,2) (1,3) (2,3) (2,5) (4,5)
  facet 194: (1,2) (2,2) (2,3) (2,5) (4,5)
  facet 195: (1,2) (1,3) (2,3) (4,3) (4,5)
  facet 196: (1,2) (2,2) (2,3) (4,3) (4,5)
  facet 197: (1,2) (2,2) (4,2) (4,3) (4,5)
  facet 198: (1,2) (1,4) (1,5) (2,5) (4,5)
  facet 199: (1,2) (1,4) (2,4) (2,5) (4,5)
  facet 200: (1,2) (2,2) (2,4) (2,5) (4,5)
  facet 201: (1,2) (1,4) (2,4) (4,4) (4,5)
  facet 202: (1,2) (2,2) (2,4) (4,4) (4,5)
  facet 203: (1,2) (2,2) (4,2) (4,4) (4,5)
  facet 240: (1,0) (1,2) (1,6) (2,6) (4,6)
  facet 241: (1,0) (1,2) (2,2) (2,6) (4,6)
  facet 242: (1,0) (2,0) (2,2) (2,6) (4,6)
  facet 243: (1,0) (1,2) (2,2) (4,2) (4,6)
  facet 244: (1,0) (2,0) (2,2) (4,2) (4,6)
  facet 245: (1,0) (2,0) (4,0) (4,2) (4,6)
  facet 348: (2,1) (2,2) (2,4) (3,4) (5,4)
  facet 349: (2,1) (2,2) (3,2) (3,4) (5,4)
  facet 350: (2,1) (3,1) (3,2) (3,4) (5,4)
  facet 351: (2,1) (2,2) (3,2) (5,2) (5,4)
  facet 352: (2,1) (3,1) (3,2) (5,2) (5,4)
  facet 353: (2,1) (3,1) (5,1) (5,2) (5,4)
  facet 366: (2,2) (2,4) (2,5) (3,5) (5,5)
  facet 367: (2,2) (2,4) (3,4) (3,5) (5,5)
  facet 368: (2,2) (3,2) (3,4) (3,5) (5,5)
  facet 369: (2,2) (2,4) (3,4) (5,4) (5,5)
  facet 370: (2,2) (3,2) (3,4) (5,4) (5,5)
  facet 371: (2,2) (3,2) (5,2) (5,4) (5,5)
  facet 408: (2,0) (2,2) (2,6) (3,6) (5,6)
  facet 409: (2,0) (2,2) (3,2) (3,6) (5,6)
  facet 410: (2,0) (3,0) (3,2) (3,6) (5,6)
  facet 411: (2,0) (2,2) (3,2) (5,2) (5,6)
  facet 412: (2,0) (3,0) (3,2) (5,2) (5,6)
  facet 413: (2,0) (3,0) (5,0) (5,2) (5,6)
  facet 414: (2,1) (2,2) (2,6) (3,6) (5,6)
  facet 415: (2,1) (2,2) (3,2) (3,6) (5,6)
  facet 416: (2,1) (3,1) (3,2) (3,6) (5,6)
  facet 417: (2,1) (2,2) (3,2) (5,2) (5,6)
  facet 418: (2,1) (3,1) (3,2) (5,2) (5,6)
  facet 419: (2,1) (3,1) (5,1) (5,2) (5,6)
  facet 426: (2,0) (2,2) (2,3) (4,3) (5,3)
  facet 427: (2,0) (2,2) (4,2) (4,3) (5,3)
  facet 428: (2,0) (4,0) (4,2) (4,3) (5,3)
  facet 429: (2,0) (2,2) (4,2) (5,2) (5,3)
  facet 430: (2,0) (4,0) (4,2) (5,2) (5,3)
  facet 431: (2,0) (4,0) (5,0) (5,2) (5,3)
  facet 432: (2,1) (2,2) (2,4) (4,4) (5,4)
  facet 433: (2,1) (2,2) (4,2) (4,4) (5,4)
  facet 434: (2,1) (4,1) (4,2) (4,4) (5,4)
  facet 435: (2,1) (2,2) (4,2) (5,2) (5,4)
  facet 436: (2,1) (4,1) (4,2) (5,2) (5,4)
  facet 437: (2,1) (4,1) (5,1) (5,2) (5,4)
  facet 444: (2,2) (2,3) (2,5) (4,5) (5,5)
  facet 445: (2,2) (2,3) (4,3) (4,5) (5,5)
  facet 446: (2,2) (4,2) (4,3) (4,5) (5,5)
  facet 447: (2,2) (2,3) (4,3) (5,3) (5,5)
  facet 448: (2,2) (4,2) (4,3) (5,3) (5,5)
  facet 449: (2,2) (4,2) (5,2) (5,3) (5,5)
  facet 450: (2,2) (2,4) (2,5) (4,5) (5,5)
  facet 451: (2,2) (2,4) (4,4) (4,5) (5,5)
  facet 452: (2,2) (4,2) (4,4) (4,5) (5,5)
  facet 453: (2,2) (2,4) (4,4) (5,4) (5,5)
  facet 454: (2,2) (4,2) (4,4) (5,4) (5,5)
  facet 455: (2,2) (4,2) (5,2) (5,4) (5,5)
  facet 492: (2,0) (2,2) (2,6) (4,6) (5,6)
  facet 493: (2,0) (2,2) (4,2) (4,6) (5,6)
  facet 494: (2,0) (4,0) (4,2) (4,6) (5,6)
  facet 495: (2,0) (2,2) (4,2) (5,2) (5,6)
  facet 496: (2,0) (4,0) (4,2) (5,2) (5,6)
  facet 497: (2,0) (4,0) (5,0) (5,2) (5,6)
  facet 498: (2,1) (2,2) (2,6) (4,6) (5,6)
  facet 499: (2,1) (2,2) (4,2) (4,6) (5,6)
  facet 500: (2,1) (4,1) (4,2) (4,6) (5,6)
  facet 501: (2,1) (2,2) (4,2) (5,2) (5,6)
  facet 502: (2,1) (4,1) (4,2) (5,2) (5,6)
  facet 503: (2,1) (4,1) (5,1) (5,2) (5,6)
  facet 1020: (0,1) (0,2) (0,4) (2,4) (6,4)
  facet 1021: (0,1) (0,2) (2,2) (2,4) (6,4)
  facet 1022: (0,1) (2,1) (2,2) (2,4) (6,4)
  facet 1023: (0,1) (0,2) (2,2) (6,2) (6,4)
  facet 1024: (0,1) (2,1) (2,2) (6,2) (6,4)
  facet 1025: (0,1) (2,1) (6,1) (6,2) (6,4)
  facet 1032: (0,2) (0,3) (0,5) (2,5) (6,5)
  facet 1033: (0,2) (0,3) (2,3) (2,5) (6,5)
  facet 1034: (0,2) (2,2) (2,3) (2,5) (6,5)
  facet 1035: (0,2) (0,3) (2,3) (6,3) (6,5)
  facet 1036: (0,2) (2,2) (2,3) (6,3) (6,5)
  facet 1037: (0,2) (2,2) (6,2) (6,3) (6,5)
  facet 1038: (0,2) (0,4) (0,5) (2,5) (6,5)
  facet 1039: (0,2) (0,4) (2,4) (2,5) (6,5)
  facet 1040: (0,2) (2,2) (2,4) (2,5) (6,5)
  facet 1041: (0,2) (0,4) (2,4) (6,4) (6,5)
  facet 1042: (0,2) (2,2) (2,4) (6,4) (6,5)
  facet 1043: (0,2) (2,2) (6,2) (6,4) (6,5)
  facet 1086: (0,1) (0,2) (0,6) (2,6) (6,6)
  facet 1087: (0,1) (0,2) (2,2) (2,6) (6,6)
  facet 1088: (0,1) (2,1) (2,2) (2,6) (6,6)
  facet 1089: (0,1) (0,2) (2,2) (6,2) (6,6)
  facet 1090: (0,1) (2,1) (2,2) (6,2) (6,6)
  facet 1091: (0,1) (2,1) (6,1) (6,2) (6,6)
  facet 1098: (1,0) (1,2) (1,3) (2,3) (6,3)
  facet 1099: (1,0) (1,2) (2,2) (2,3) (6,3)
  facet 1100: (1,0) (2,0) (2,2) (2,3) (6,3)
  facet 1101: (1,0) (1,2) (2,2) (6,2) (6,3)
  facet 1102: (1,0) (2,0) (2,2) (6,2) (6,3)
  facet 1103: (1,0) (2,0) (6,0) (6,2) (6,3)
  facet 1116: (1,2) (1,3) (1,5) (2,5) (6,5)
  facet 1117: (1,2) (1,3) (2,3) (2,5) (6,5)
  facet 1118: (1,2) (2,2) (2,3) (2,5) (6,5)
  facet 1119: (1,2) (1,3) (2,3) (6,3) (6,5)
  facet 1120: (1,2) (2,2) (2,3) (6,3) (6,5)
  facet 1121: (1,2) (2,2) (6,2) (6,3) (6,5)
  facet 1122: (1,2) (1,4) (1,5) (2,5) (6,5)
  facet 1123: (1,2) (1,4) (2,4) (2,5) (6,5)
  facet 1124: (1,2) (2,2) (2,4) (2,5) (6,5)
  facet 1125: (1,2) (1,4) (2,4) (6,4) (6,5)
  facet 1126: (1,2) (2,2) (2,4) (6,4) (6,5)
  facet 1127: (1,2) (2,2) (6,2) (6,4) (6,5)
  facet 1164: (1,0) (1,2) (1,6) (2,6) (6,6)
  facet 1165: (1,0) (1,2) (2,2) (2,6) (6,6)
  facet 1166: (1,0) (2,0) (2,2) (2,6) (6,6)
  facet 1167: (1,0) (1,2) (2,2) (6,2) (6,6)
  facet 1168: (1,0) (2,0) (2,2) (6,2) (6,6)
  facet 1169: (1,0) (2,0) (6,0) (6,2) (6,6)
--- domain 4  (132 facets) ---
  facet 204: (1,3) (1,4) (1,6) (2,6) (4,6)
  facet 205: (1,3) (1,4) (2,4) (2,6) (4,6)
  facet 206: (1,3) (2,3) (2,4) (2,6) (4,6)
  facet 207: (1,3) (1,4) (2,4) (4,4) (4,6)
  facet 208: (1,3) (2,3) (2,4) (4,4) (4,6)
  facet 209: (1,3) (2,3) (4,3) (4,4) (4,6)
  facet 216: (1,0) (1,4) (1,5) (2,5) (4,5)
  facet 217: (1,0) (1,4) (2,4) (2,5) (4,5)
  facet 218: (1,0) (2,0) (2,4) (2,5) (4,5)
  facet 219: (1,0) (1,4) (2,4) (4,4) (4,5)
  facet 220: (1,0) (2,0) (2,4) (4,4) (4,5)
  facet 221: (1,0) (2,0) (4,0) (4,4) (4,5)
  facet 222: (1,0) (1,4) (1,6) (2,6) (4,6)
  facet 223: (1,0) (1,4) (2,4) (2,6) (4,6)
  facet 224: (1,0) (2,0) (2,4) (2,6) (4,6)
  facet 225: (1,0) (1,4) (2,4) (4,4) (4,6)
  facet 226: (1,0) (2,0) (2,4) (4,4) (4,6)
  facet 227: (1,0) (2,0) (4,0) (4,4) (4,6)
  facet 282: (1,2) (1,4) (1,5) (3,5) (4,5)
  facet 283: (1,2) (1,4) (3,4) (3,5) (4,5)
  facet 284: (1,2) (3,2) (3,4) (3,5) (4,5)
  facet 285: (1,2) (1,4) (3,4) (4,4) (4,5)
  facet 286: (1,2) (3,2) (3,4) (4,4) (4,5)
  facet 287: (1,2) (3,2) (4,2) (4,4) (4,5)
  facet 300: (1,0) (1,4) (1,5) (3,5) (4,5)
  facet 301: (1,0) (1,4) (3,4) (3,5) (4,5)
  facet 302: (1,0) (3,0) (3,4) (3,5) (4,5)
  facet 303: (1,0) (1,4) (3,4) (4,4) (4,5)
  facet 304: (1,0) (3,0) (3,4) (4,4) (4,5)
  facet 305: (1,0) (3,0) (4,0) (4,4) (4,5)
  facet 306: (1,0) (1,4) (1,6) (3,6) (4,6)
  facet 307: (1,0) (1,4) (3,4) (3,6) (4,6)
  facet 308: (1,0) (3,0) (3,4) (3,6) (4,6)
  facet 309: (1,0) (1,4) (3,4) (4,4) (4,6)
  facet 310: (1,0) (3,0) (3,4) (4,4) (4,6)
  facet 311: (1,0) (3,0) (4,0) (4,4) (4,6)
  facet 438: (2,1) (2,3) (2,4) (4,4) (5,4)
  facet 439: (2,1) (2,3) (4,3) (4,4) (5,4)
  facet 440: (2,1) (4,1) (4,3) (4,4) (5,4)
  facet 441: (2,1) (2,3) (4,3) (5,3) (5,4)
  facet 442: (2,1) (4,1) (4,3) (5,3) (5,4)
  facet 443: (2,1) (4,1) (5,1) (5,3) (5,4)
  facet 456: (2,3) (2,4) (2,6) (4,6) (5,6)
  facet 457: (2,3) (2,4) (4,4) (4,6) (5,6)
  facet 458: (2,3) (4,3) (4,4) (4,6) (5,6)
  facet 459: (2,3) (2,4) (4,4) (5,4) (5,6)
  facet 460: (2,3) (4,3) (4,4) (5,4) (5,6)
  facet 461: (2,3) (4,3) (5,3) (5,4) (5,6)
  facet 468: (2,0) (2,4) (2,5) (4,5) (5,5)
  facet 469: (2,0) (2,4) (4,4) (4,5) (5,5)
  facet 470: (2,0) (4,0) (4,4) (4,5) (5,5)
  facet 471: (2,0) (2,4) (4,4) (5,4) (5,5)
  facet 472: (2,0) (4,0) (4,4) (5,4) (5,5)
  facet 473: (2,0) (4,0) (5,0) (5,4) (5,5)
  facet 474: (2,0) (2,4) (2,6) (4,6) (5,6)
  facet 475: (2,0) (2,4) (4,4) (4,6) (5,6)
  facet 476: (2,0) (4,0) (4,4) (4,6) (5,6)
  facet 477: (2,0) (2,4) (4,4) (5,4) (5,6)
  facet 478: (2,0) (4,0) (4,4) (5,4) (5,6)
  facet 479: (2,0) (4,0) (5,0) (5,4) (5,6)
  facet 516: (3,1) (3,2) (3,4) (4,4) (6,4)
  facet 517: (3,1) (3,2) (4,2) (4,4) (6,4)
  facet 518: (3,1) (4,1) (4,2) (4,4) (6,4)
  facet 519: (3,1) (3,2) (4,2) (6,2) (6,4)
  facet 520: (3,1) (4,1) (4,2) (6,2) (6,4)
  facet 521: (3,1) (4,1) (6,1) (6,2) (6,4)
  facet 534: (3,2) (3,4) (3,5) (4,5) (6,5)
  facet 535: (3,2) (3,4) (4,4) (4,5) (6,5)
  facet 536: (3,2) (4,2) (4,4) (4,5) (6,5)
  facet 537: (3,2) (3,4) (4,4) (6,4) (6,5)
  facet 538: (3,2) (4,2) (4,4) (6,4) (6,5)
  facet 539: (3,2) (4,2) (6,2) (6,4) (6,5)
  facet 552: (3,0) (3,4) (3,5) (4,5) (6,5)
  facet 553: (3,0) (3,4) (4,4) (4,5) (6,5)
  facet 554: (3,0) (4,0) (4,4) (4,5) (6,5)
  facet 555: (3,0) (3,4) (4,4) (6,4) (6,5)
  facet 556: (3,0) (4,0) (4,4) (6,4) (6,5)
  facet 557: (3,0) (4,0) (6,0) (6,4) (6,5)
  facet 558: (3,0) (3,4) (3,6) (4,6) (6,6)
  facet 559: (3,0) (3,4) (4,4) (4,6) (6,6)
  facet 560: (3,0) (4,0) (4,4) (4,6) (6,6)
  facet 561: (3,0) (3,4) (4,4) (6,4) (6,6)
  facet 562: (3,0) (4,0) (4,4) (6,4) (6,6)
  facet 563: (3,0) (4,0) (6,0) (6,4) (6,6)
  facet 684: (0,1) (0,2) (0,4) (4,4) (5,4)
  facet 685: (0,1) (0,2) (4,2) (4,4) (5,4)
  facet 686: (0,1) (4,1) (4,2) (4,4) (5,4)
  facet 687: (0,1) (0,2) (4,2) (5,2) (5,4)
  facet 688: (0,1) (4,1) (4,2) (5,2) (5,4)
  facet 689: (0,1) (4,1) (5,1) (5,2) (5,4)
  facet 690: (0,1) (0,3) (0,4) (4,4) (5,4)
  facet 691: (0,1) (0,3) (4,3) (4,4) (5,4)
  facet 692: (0,1) (4,1) (4,3) (4,4) (5,4)
  facet 693: (0,1) (0,3) (4,3) (5,3) (5,4)
  facet 694: (0,1) (4,1) (4,3) (5,3) (5,4)
  facet 695: (0,1) (4,1) (5,1) (5,3) (5,4)
  facet 702: (0,2) (0,4) (0,5) (4,5) (5,5)
  facet 703: (0,2) (0,4) (4,4) (4,5) (5,5)
  facet 704: (0,2) (4,2) (4,4) (4,5) (5,5)
  facet 705: (0,2) (0,4) (4,4) (5,4) (5,5)
  facet 706: (0,2) (4,2) (4,4) (5,4) (5,5)
  facet 707: (0,2) (4,2) (5,2) (5,4) (5,5)
  facet 708: (0,3) (0,4) (0,6) (4,6) (5,6)
  facet 709: (0,3) (0,4) (4,4) (4,6) (5,6)
  facet 710: (0,3) (4,3) (4,4) (4,6) (5,6)
  facet 711: (0,3) (0,4) (4,4) (5,4) (5,6)
  facet 712: (0,3) (4,3) (4,4) (5,4) (5,6)
  facet 713: (0,3) (4,3) (5,3) (5,4) (5,6)
  facet 768: (0,1) (0,2) (0,4) (4,4) (6,4)
  facet 769: (0,1) (0,2) (4,2) (4,4) (6,4)
  facet 770: (0,1) (4,1) (4,2) (4,4) (6,4)
  facet 771: (0,1) (0,2) (4,2) (6,2) (6,4)
  facet 772: (0,1) (4,1) (4,2) (6,2) (6,4)
  facet 773: (0,1) (4,1) (6,1) (6,2) (6,4)
  facet 774: (0,1) (0,3) (0,4) (4,4) (6,4)
  facet 775: (0,1) (0,3) (4,3) (4,4) (6,4)
  facet 776: (0,1) (4,1) (4,3) (4,4) (6,4)
  facet 777: (0,1) (0,3) (4,3) (6,3) (6,4)
  facet 778: (0,1) (4,1) (4,3) (6,3) (6,4)
  facet 779: (0,1) (4,1) (6,1) (6,3) (6,4)
  facet 786: (0,2) (0,4) (0,5) (4,5) (6,5)
  facet 787: (0,2) (0,4) (4,4) (4,5) (6,5)
  facet 788: (0,2) (4,2) (4,4) (4,5) (6,5)
  facet 789: (0,2) (0,4) (4,4) (6,4) (6,5)
  facet 790: (0,2) (4,2) (4,4) (6,4) (6,5)
  facet 791: (0,2) (4,2) (6,2) (6,4) (6,5)
  facet 792: (0,3) (0,4) (0,6) (4,6) (6,6)
  facet 793: (0,3) (0,4) (4,4) (4,6) (6,6)
  facet 794: (0,3) (4,3) (4,4) (4,6) (6,6)
  facet 795: (0,3) (0,4) (4,4) (6,4) (6,6)
  facet 796: (0,3) (4,3) (4,4) (6,4) (6,6)
  facet 797: (0,3) (4,3) (6,3) (6,4) (6,6)
--- domain 5  (120 facets) ---
  facet 384: (2,0) (2,4) (2,5) (3,5) (5,5)
  facet 385: (2,0) (2,4) (3,4) (3,5) (5,5)
  facet 386: (2,0) (3,0) (3,4) (3,5) (5,5)
  facet 387: (2,0) (2,4) (3,4) (5,4) (5,5)
  facet 388: (2,0) (3,0) (3,4) (5,4) (5,5)
  facet 389: (2,0) (3,0) (5,0) (5,4) (5,5)
  facet 396: (2,1) (2,5) (2,6) (3,6) (5,6)
  facet 397: (2,1) (2,5) (3,5) (3,6) (5,6)
  facet 398: (2,1) (3,1) (3,5) (3,6) (5,6)
  facet 399: (2,1) (2,5) (3,5) (5,5) (5,6)
  facet 400: (2,1) (3,1) (3,5) (5,5) (5,6)
  facet 401: (2,1) (3,1) (5,1) (5,5) (5,6)
  facet 402: (2,0) (2,1) (2,5) (3,5) (5,5)
  facet 403: (2,0) (2,1) (3,1) (3,5) (5,5)
  facet 404: (2,0) (3,0) (3,1) (3,5) (5,5)
  facet 405: (2,0) (2,1) (3,1) (5,1) (5,5)
  facet 406: (2,0) (3,0) (3,1) (5,1) (5,5)
  facet 407: (2,0) (3,0) (5,0) (5,1) (5,5)
  facet 462: (2,3) (2,5) (2,6) (4,6) (5,6)
  facet 463: (2,3) (2,5) (4,5) (4,6) (5,6)
  facet 464: (2,3) (4,3) (4,5) (4,6) (5,6)
  facet 465: (2,3) (2,5) (4,5) (5,5) (5,6)
  facet 466: (2,3) (4,3) (4,5) (5,5) (5,6)
  facet 467: (2,3) (4,3) (5,3) (5,5) (5,6)
  facet 480: (2,1) (2,5) (2,6) (4,6) (5,6)
  facet 481: (2,1) (2,5) (4,5) (4,6) (5,6)
  facet 482: (2,1) (4,1) (4,5) (4,6) (5,6)
  facet 483: (2,1) (2,5) (4,5) (5,5) (5,6)
  facet 484: (2,1) (4,1) (4,5) (5,5) (5,6)
  facet 485: (2,1) (4,1) (5,1) (5,5) (5,6)
  facet 486: (2,0) (2,1) (2,5) (4,5) (5,5)
  facet 487: (2,0) (2,1) (4,1) (4,5) (5,5)
  facet 488: (2,0) (4,0) (4,1) (4,5) (5,5)
  facet 489: (2,0) (2,1) (4,1) (5,1) (5,5)
  facet 490: (2,0) (4,0) (4,1) (5,1) (5,5)
  facet 491: (2,0) (4,0) (5,0) (5,1) (5,5)
  facet 618: (3,2) (3,4) (3,5) (5,5) (6,5)
  facet 619: (3,2) (3,4) (5,4) (5,5) (6,5)
  facet 620: (3,2) (5,2) (5,4) (5,5) (6,5)
  facet 621: (3,2) (3,4) (5,4) (6,4) (6,5)
  facet 622: (3,2) (5,2) (5,4) (6,4) (6,5)
  facet 623: (3,2) (5,2) (6,2) (6,4) (6,5)
  facet 636: (3,0) (3,4) (3,5) (5,5) (6,5)
  facet 637: (3,0) (3,4) (5,4) (5,5) (6,5)
  facet 638: (3,0) (5,0) (5,4) (5,5) (6,5)
  facet 639: (3,0) (3,4) (5,4) (6,4) (6,5)
  facet 640: (3,0) (5,0) (5,4) (6,4) (6,5)
  facet 641: (3,0) (5,0) (6,0) (6,4) (6,5)
  facet 648: (3,1) (3,5) (3,6) (5,6) (6,6)
  facet 649: (3,1) (3,5) (5,5) (5,6) (6,6)
  facet 650: (3,1) (5,1) (5,5) (5,6) (6,6)
  facet 651: (3,1) (3,5) (5,5) (6,5) (6,6)
  facet 652: (3,1) (5,1) (5,5) (6,5) (6,6)
  facet 653: (3,1) (5,1) (6,1) (6,5) (6,6)
  facet 654: (3,0) (3,1) (3,5) (5,5) (6,5)
  facet 655: (3,0) (3,1) (5,1) (5,5) (6,5)
  facet 656: (3,0) (5,0) (5,1) (5,5) (6,5)
  facet 657: (3,0) (3,1) (5,1) (6,1) (6,5)
  facet 658: (3,0) (5,0) (5,1) (6,1) (6,5)
  facet 659: (3,0) (5,0) (6,0) (6,1) (6,5)
  facet 696: (0,2) (0,3) (0,5) (4,5) (5,5)
  facet 697: (0,2) (0,3) (4,3) (4,5) (5,5)
  facet 698: (0,2) (4,2) (4,3) (4,5) (5,5)
  facet 699: (0,2) (0,3) (4,3) (5,3) (5,5)
  facet 700: (0,2) (4,2) (4,3) (5,3) (5,5)
  facet 701: (0,2) (4,2) (5,2) (5,3) (5,5)
  facet 714: (0,3) (0,5) (0,6) (4,6) (5,6)
  facet 715: (0,3) (0,5) (4,5) (4,6) (5,6)
  facet 716: (0,3) (4,3) (4,5) (4,6) (5,6)
  facet 717: (0,3) (0,5) (4,5) (5,5) (5,6)
  facet 718: (0,3) (4,3) (4,5) (5,5) (5,6)
  facet 719: (0,3) (4,3) (5,3) (5,5) (5,6)
  facet 732: (0,1) (0,5) (0,6) (4,6) (5,6)
  facet 733: (0,1) (0,5) (4,5) (4,6) (5,6)
  facet 734: (0,1) (4,1) (4,5) (4,6) (5,6)
  facet 735: (0,1) (0,5) (4,5) (5,5) (5,6)
  facet 736: (0,1) (4,1) (4,5) (5,5) (5,6)
  facet 737: (0,1) (4,1) (5,1) (5,5) (5,6)
  facet 864: (1,2) (1,3) (1,5) (5,5) (6,5)
  facet 865: (1,2) (1,3) (5,3) (5,5) (6,5)
  facet 866: (1,2) (5,2) (5,3) (5,5) (6,5)
  facet 867: (1,2) (1,3) (5,3) (6,3) (6,5)
  facet 868: (1,2) (5,2) (5,3) (6,3) (6,5)
  facet 869: (1,2) (5,2) (6,2) (6,3) (6,5)
  facet 870: (1,2) (1,4) (1,5) (5,5) (6,5)
  facet 871: (1,2) (1,4) (5,4) (5,5) (6,5)
  facet 872: (1,2) (5,2) (5,4) (5,5) (6,5)
  facet 873: (1,2) (1,4) (5,4) (6,4) (6,5)
  facet 874: (1,2) (5,2) (5,4) (6,4) (6,5)
  facet 875: (1,2) (5,2) (6,2) (6,4) (6,5)
  facet 882: (1,3) (1,5) (1,6) (5,6) (6,6)
  facet 883: (1,3) (1,5) (5,5) (5,6) (6,6)
  facet 884: (1,3) (5,3) (5,5) (5,6) (6,6)
  facet 885: (1,3) (1,5) (5,5) (6,5) (6,6)
  facet 886: (1,3) (5,3) (5,5) (6,5) (6,6)
  facet 887: (1,3) (5,3) (6,3) (6,5) (6,6)
  facet 888: (1,0) (1,4) (1,5) (5,5) (6,5)
  facet 889: (1,0) (1,4) (5,4) (5,5) (6,5)
  facet 890: (1,0) (5,0) (5,4) (5,5) (6,5)
  facet 891: (1,0) (1,4) (5,4) (6,4) (6,5)
  facet 892: (1,0) (5,0) (5,4) (6,4) (6,5)
  facet 893: (1,0) (5,0) (6,0) (6,4) (6,5)
  facet 948: (0,2) (0,3) (0,5) (1,5) (5,5)
  facet 949: (0,2) (0,3) (1,3) (1,5) (5,5)
  facet 950: (0,2) (1,2) (1,3) (1,5) (5,5)
  facet 951: (0,2) (0,3) (1,3) (5,3) (5,5)
  facet 952: (0,2) (1,2) (1,3) (5,3) (5,5)
  facet 953: (0,2) (1,2) (5,2) (5,3) (5,5)
  facet 954: (0,2) (0,4) (0,5) (1,5) (5,5)
  facet 955: (0,2) (0,4) (1,4) (1,5) (5,5)
  facet 956: (0,2) (1,2) (1,4) (1,5) (5,5)
  facet 957: (0,2) (0,4) (1,4) (5,4) (5,5)
  facet 958: (0,2) (1,2) (1,4) (5,4) (5,5)
  facet 959: (0,2) (1,2) (5,2) (5,4) (5,5)
  facet 966: (0,3) (0,5) (0,6) (1,6) (5,6)
  facet 967: (0,3) (0,5) (1,5) (1,6) (5,6)
  facet 968: (0,3) (1,3) (1,5) (1,6) (5,6)
  facet 969: (0,3) (0,5) (1,5) (5,5) (5,6)
  facet 970: (0,3) (1,3) (1,5) (5,5) (5,6)
  facet 971: (0,3) (1,3) (5,3) (5,5) (5,6)
--- domain 6  (108 facets) ---
  facet 564: (3,1) (3,5) (3,6) (4,6) (6,6)
  facet 565: (3,1) (3,5) (4,5) (4,6) (6,6)
  facet 566: (3,1) (4,1) (4,5) (4,6) (6,6)
  facet 567: (3,1) (3,5) (4,5) (6,5) (6,6)
  facet 568: (3,1) (4,1) (4,5) (6,5) (6,6)
  facet 569: (3,1) (4,1) (6,1) (6,5) (6,6)
  facet 576: (3,0) (3,2) (3,6) (4,6) (6,6)
  facet 577: (3,0) (3,2) (4,2) (4,6) (6,6)
  facet 578: (3,0) (4,0) (4,2) (4,6) (6,6)
  facet 579: (3,0) (3,2) (4,2) (6,2) (6,6)
  facet 580: (3,0) (4,0) (4,2) (6,2) (6,6)
  facet 581: (3,0) (4,0) (6,0) (6,2) (6,6)
  facet 582: (3,1) (3,2) (3,6) (4,6) (6,6)
  facet 583: (3,1) (3,2) (4,2) (4,6) (6,6)
  facet 584: (3,1) (4,1) (4,2) (4,6) (6,6)
  facet 585: (3,1) (3,2) (4,2) (6,2) (6,6)
  facet 586: (3,1) (4,1) (4,2) (6,2) (6,6)
  facet 587: (3,1) (4,1) (6,1) (6,2) (6,6)
  facet 642: (3,0) (3,4) (3,6) (5,6) (6,6)
  facet 643: (3,0) (3,4) (5,4) (5,6) (6,6)
  facet 644: (3,0) (5,0) (5,4) (5,6) (6,6)
  facet 645: (3,0) (3,4) (5,4) (6,4) (6,6)
  facet 646: (3,0) (5,0) (5,4) (6,4) (6,6)
  facet 647: (3,0) (5,0) (6,0) (6,4) (6,6)
  facet 660: (3,0) (3,2) (3,6) (5,6) (6,6)
  facet 661: (3,0) (3,2) (5,2) (5,6) (6,6)
  facet 662: (3,0) (5,0) (5,2) (5,6) (6,6)
  facet 663: (3,0) (3,2) (5,2) (6,2) (6,6)
  facet 664: (3,0) (5,0) (5,2) (6,2) (6,6)
  facet 665: (3,0) (5,0) (6,0) (6,2) (6,6)
  facet 666: (3,1) (3,2) (3,6) (5,6) (6,6)
  facet 667: (3,1) (3,2) (5,2) (5,6) (6,6)
  facet 668: (3,1) (5,1) (5,2) (5,6) (6,6)
  facet 669: (3,1) (3,2) (5,2) (6,2) (6,6)
  facet 670: (3,1) (5,1) (5,2) (6,2) (6,6)
  facet 671: (3,1) (5,1) (6,1) (6,2) (6,6)
  facet 798: (0,3) (0,5) (0,6) (4,6) (6,6)
  facet 799: (0,3) (0,5) (4,5) (4,6) (6,6)
  facet 800: (0,3) (4,3) (4,5) (4,6) (6,6)
  facet 801: (0,3) (0,5) (4,5) (6,5) (6,6)
  facet 802: (0,3) (4,3) (4,5) (6,5) (6,6)
  facet 803: (0,3) (4,3) (6,3) (6,5) (6,6)
  facet 816: (0,1) (0,5) (0,6) (4,6) (6,6)
  facet 817: (0,1) (0,5) (4,5) (4,6) (6,6)
  facet 818: (0,1) (4,1) (4,5) (4,6) (6,6)
  facet 819: (0,1) (0,5) (4,5) (6,5) (6,6)
  facet 820: (0,1) (4,1) (4,5) (6,5) (6,6)
  facet 821: (0,1) (4,1) (6,1) (6,5) (6,6)
  facet 834: (0,1) (0,2) (0,6) (4,6) (6,6)
  facet 835: (0,1) (0,2) (4,2) (4,6) (6,6)
  facet 836: (0,1) (4,1) (4,2) (4,6) (6,6)
  facet 837: (0,1) (0,2) (4,2) (6,2) (6,6)
  facet 838: (0,1) (4,1) (4,2) (6,2) (6,6)
  facet 839: (0,1) (4,1) (6,1) (6,2) (6,6)
  facet 876: (1,3) (1,4) (1,6) (5,6) (6,6)
  facet 877: (1,3) (1,4) (5,4) (5,6) (6,6)
  facet 878: (1,3) (5,3) (5,4) (5,6) (6,6)
  facet 879: (1,3) (1,4) (5,4) (6,4) (6,6)
  facet 880: (1,3) (5,3) (5,4) (6,4) (6,6)
  facet 881: (1,3) (5,3) (6,3) (6,4) (6,6)
  facet 894: (1,0) (1,4) (1,6) (5,6) (6,6)
  facet 895: (1,0) (1,4) (5,4) (5,6) (6,6)
  facet 896: (1,0) (5,0) (5,4) (5,6) (6,6)
  facet 897: (1,0) (1,4) (5,4) (6,4) (6,6)
  facet 898: (1,0) (5,0) (5,4) (6,4) (6,6)
  facet 899: (1,0) (5,0) (6,0) (6,4) (6,6)
  facet 912: (1,0) (1,2) (1,6) (5,6) (6,6)
  facet 913: (1,0) (1,2) (5,2) (5,6) (6,6)
  facet 914: (1,0) (5,0) (5,2) (5,6) (6,6)
  facet 915: (1,0) (1,2) (5,2) (6,2) (6,6)
  facet 916: (1,0) (5,0) (5,2) (6,2) (6,6)
  facet 917: (1,0) (5,0) (6,0) (6,2) (6,6)
  facet 1044: (0,3) (0,4) (0,6) (2,6) (6,6)
  facet 1045: (0,3) (0,4) (2,4) (2,6) (6,6)
  facet 1046: (0,3) (2,3) (2,4) (2,6) (6,6)
  facet 1047: (0,3) (0,4) (2,4) (6,4) (6,6)
  facet 1048: (0,3) (2,3) (2,4) (6,4) (6,6)
  facet 1049: (0,3) (2,3) (6,3) (6,4) (6,6)
  facet 1050: (0,3) (0,5) (0,6) (2,6) (6,6)
  facet 1051: (0,3) (0,5) (2,5) (2,6) (6,6)
  facet 1052: (0,3) (2,3) (2,5) (2,6) (6,6)
  facet 1053: (0,3) (0,5) (2,5) (6,5) (6,6)
  facet 1054: (0,3) (2,3) (2,5) (6,5) (6,6)
  facet 1055: (0,3) (2,3) (6,3) (6,5) (6,6)
  facet 1068: (0,1) (0,5) (0,6) (2,6) (6,6)
  facet 1069: (0,1) (0,5) (2,5) (2,6) (6,6)
  facet 1070: (0,1) (2,1) (2,5) (2,6) (6,6)
  facet 1071: (0,1) (0,5) (2,5) (6,5) (6,6)
  facet 1072: (0,1) (2,1) (2,5) (6,5) (6,6)
  facet 1073: (0,1) (2,1) (6,1) (6,5) (6,6)
  facet 1128: (1,3) (1,4) (1,6) (2,6) (6,6)
  facet 1129: (1,3) (1,4) (2,4) (2,6) (6,6)
  facet 1130: (1,3) (2,3) (2,4) (2,6) (6,6)
  facet 1131: (1,3) (1,4) (2,4) (6,4) (6,6)
  facet 1132: (1,3) (2,3) (2,4) (6,4) (6,6)
  facet 1133: (1,3) (2,3) (6,3) (6,4) (6,6)
  facet 1134: (1,3) (1,5) (1,6) (2,6) (6,6)
  facet 1135: (1,3) (1,5) (2,5) (2,6) (6,6)
  facet 1136: (1,3) (2,3) (2,5) (2,6) (6,6)
  facet 1137: (1,3) (1,5) (2,5) (6,5) (6,6)
  facet 1138: (1,3) (2,3) (2,5) (6,5) (6,6)
  facet 1139: (1,3) (2,3) (6,3) (6,5) (6,6)
  facet 1146: (1,0) (1,4) (1,6) (2,6) (6,6)
  facet 1147: (1,0) (1,4) (2,4) (2,6) (6,6)
  facet 1148: (1,0) (2,0) (2,4) (2,6) (6,6)
  facet 1149: (1,0) (1,4) (2,4) (6,4) (6,6)
  facet 1150: (1,0) (2,0) (2,4) (6,4) (6,6)
  facet 1151: (1,0) (2,0) (6,0) (6,4) (6,6)
--- domain 7  (18 facets) ---
  facet 144: (0,1) (0,5) (0,6) (2,6) (3,6)
  facet 145: (0,1) (0,5) (2,5) (2,6) (3,6)
  facet 146: (0,1) (2,1) (2,5) (2,6) (3,6)
  facet 147: (0,1) (0,5) (2,5) (3,5) (3,6)
  facet 148: (0,1) (2,1) (2,5) (3,5) (3,6)
  facet 149: (0,1) (2,1) (3,1) (3,5) (3,6)
  facet 750: (0,1) (0,2) (0,6) (4,6) (5,6)
  facet 751: (0,1) (0,2) (4,2) (4,6) (5,6)
  facet 752: (0,1) (4,1) (4,2) (4,6) (5,6)
  facet 753: (0,1) (0,2) (4,2) (5,2) (5,6)
  facet 754: (0,1) (4,1) (4,2) (5,2) (5,6)
  facet 755: (0,1) (4,1) (5,1) (5,2) (5,6)
  facet 1026: (0,1) (0,3) (0,4) (2,4) (6,4)
  facet 1027: (0,1) (0,3) (2,3) (2,4) (6,4)
  facet 1028: (0,1) (2,1) (2,3) (2,4) (6,4)
  facet 1029: (0,1) (0,3) (2,3) (6,3) (6,4)
  facet 1030: (0,1) (2,1) (2,3) (6,3) (6,4)
  facet 1031: (0,1) (2,1) (6,1) (6,3) (6,4)
--- domain 8  (18 facets) ---
  facet 324: (1,0) (1,2) (1,6) (3,6) (4,6)
  facet 325: (1,0) (1,2) (3,2) (3,6) (4,6)
  facet 326: (1,0) (3,0) (3,2) (3,6) (4,6)
  facet 327: (1,0) (1,2) (3,2) (4,2) (4,6)
  facet 328: (1,0) (3,0) (3,2) (4,2) (4,6)
  facet 329: (1,0) (3,0) (4,0) (4,2) (4,6)
  facet 846: (1,0) (1,2) (1,3) (5,3) (6,3)
  facet 847: (1,0) (1,2) (5,2) (5,3) (6,3)
  facet 848: (1,0) (5,0) (5,2) (5,3) (6,3)
  facet 849: (1,0) (1,2) (5,2) (6,2) (6,3)
  facet 850: (1,0) (5,0) (5,2) (6,2) (6,3)
  facet 851: (1,0) (5,0) (6,0) (6,2) (6,3)
  facet 1140: (1,0) (1,4) (1,5) (2,5) (6,5)
  facet 1141: (1,0) (1,4) (2,4) (2,5) (6,5)
  facet 1142: (1,0) (2,0) (2,4) (2,5) (6,5)
  facet 1143: (1,0) (1,4) (2,4) (6,4) (6,5)
  facet 1144: (1,0) (2,0) (2,4) (6,4) (6,5)
  facet 1145: (1,0) (2,0) (6,0) (6,4) (6,5)
--- domain 9  (18 facets) ---
  facet  30: (0,2) (0,4) (0,5) (1,5) (3,5)
  facet  31: (0,2) (0,4) (1,4) (1,5) (3,5)
  facet  32: (0,2) (1,2) (1,4) (1,5) (3,5)
  facet  33: (0,2) (0,4) (1,4) (3,4) (3,5)
  facet  34: (0,2) (1,2) (1,4) (3,4) (3,5)
  facet  35: (0,2) (1,2) (3,2) (3,4) (3,5)
  facet 390: (2,0) (2,4) (2,6) (3,6) (5,6)
  facet 391: (2,0) (2,4) (3,4) (3,6) (5,6)
  facet 392: (2,0) (3,0) (3,4) (3,6) (5,6)
  facet 393: (2,0) (2,4) (3,4) (5,4) (5,6)
  facet 394: (2,0) (3,0) (3,4) (5,4) (5,6)
  facet 395: (2,0) (3,0) (5,0) (5,4) (5,6)
  facet 600: (3,1) (3,2) (3,4) (5,4) (6,4)
  facet 601: (3,1) (3,2) (5,2) (5,4) (6,4)
  facet 602: (3,1) (5,1) (5,2) (5,4) (6,4)
  facet 603: (3,1) (3,2) (5,2) (6,2) (6,4)
  facet 604: (3,1) (5,1) (5,2) (6,2) (6,4)
  facet 605: (3,1) (5,1) (6,1) (6,2) (6,4)
--- domain 10  (18 facets) ---
  facet 210: (1,3) (1,5) (1,6) (2,6) (4,6)
  facet 211: (1,3) (1,5) (2,5) (2,6) (4,6)
  facet 212: (1,3) (2,3) (2,5) (2,6) (4,6)
  facet 213: (1,3) (1,5) (2,5) (4,5) (4,6)
  facet 214: (1,3) (2,3) (2,5) (4,5) (4,6)
  facet 215: (1,3) (2,3) (4,3) (4,5) (4,6)
  facet 420: (2,0) (2,1) (2,3) (4,3) (5,3)
  facet 421: (2,0) (2,1) (4,1) (4,3) (5,3)
  facet 422: (2,0) (4,0) (4,1) (4,3) (5,3)
  facet 423: (2,0) (2,1) (4,1) (5,1) (5,3)
  facet 424: (2,0) (4,0) (4,1) (5,1) (5,3)
  facet 425: (2,0) (4,0) (5,0) (5,1) (5,3)
  facet 780: (0,2) (0,3) (0,5) (4,5) (6,5)
  facet 781: (0,2) (0,3) (4,3) (4,5) (6,5)
  facet 782: (0,2) (4,2) (4,3) (4,5) (6,5)
  facet 783: (0,2) (0,3) (4,3) (6,3) (6,5)
  facet 784: (0,2) (4,2) (4,3) (6,3) (6,5)
  facet 785: (0,2) (4,2) (6,2) (6,3) (6,5)
--- domain 11  (6 facets) ---
  facet 960: (0,3) (0,4) (0,6) (1,6) (5,6)
  facet 961: (0,3) (0,4) (1,4) (1,6) (5,6)
  facet 962: (0,3) (1,3) (1,4) (1,6) (5,6)
  facet 963: (0,3) (0,4) (1,4) (5,4) (5,6)
  facet 964: (0,3) (1,3) (1,4) (5,4) (5,6)
  facet 965: (0,3) (1,3) (5,3) (5,4) (5,6)
--- domain 12  (6 facets) ---
  facet 570: (3,0) (3,1) (3,5) (4,5) (6,5)
  facet 571: (3,0) (3,1) (4,1) (4,5) (6,5)
  facet 572: (3,0) (4,0) (4,1) (4,5) (6,5)
  facet 573: (3,0) (3,1) (4,1) (6,1) (6,5)
  facet 574: (3,0) (4,0) (4,1) (6,1) (6,5)
  facet 575: (3,0) (4,0) (6,0) (6,1) (6,5)
