Planner chains (chain-first GPU annealer, then Algorithm 2 reduce)

=== domain 0: 1634 facets ===
  reduced chain: 12 maps
  map 0:
    0 0 0 0 0 0
    1 1 1 1 1 1
    2 2 2 2 2 2
    3 3 3 3 3 3
    4 4 4 4 4 4
    5 5 5 5 5 5
  map 1:
    0 0 0 0 0 0
    1 1 1 1 1 1
    2 2 2 2 2 2
    3 3 3 3 3 2
    4 4 4 4 4 4
    5 5 5 5 5 5
  map 2:
    4 0 0 0 4 0
    1 1 4 1 1 1
    4 2 2 2 2 0
    3 4 3 3 4 2
    4 4 4 4 4 4
    5 5 5 5 5 5
  map 3:
    4 0 0 0 4 4
    1 1 4 1 5 0
    2 4 4 2 5 0
    3 4 3 3 4 4
    4 5 4 4 4 4
    5 5 5 5 5 5
  map 4:
    4 4 0 0 1 1
    5 1 4 4 0 5
    5 4 4 2 5 4
    4 4 3 3 4 4
    4 1 5 4 4 4
    2 2 5 5 5 5
  map 5:
    4 4 5 5 0 4
    5 1 4 4 5 5
    2 5 4 4 4 4
    2 1 3 4 4 4
    2 4 4 4 4 4
    2 5 5 5 4 4
  map 6:
    5 1 1 2 4 1
    1 1 1 1 1 2
    1 2 2 2 2 2
    1 2 5 5 4 5
    3 3 2 5 1 5
    3 2 2 1 5 5
  map 7:
    1 1 1 0 0 2
    5 5 0 1 5 0
    2 1 1 2 2 2
    1 2 5 0 5 2
    2 0 1 5 5 5
    3 3 2 1 2 1
  map 8:
    5 1 5 3 0 5
    1 1 0 3 3 1
    0 0 2 1 1 1
    0 3 3 0 1 5
    5 1 5 1 1 1
    1 0 1 5 1 5
  map 9:
    0 1 5 3 1 1
    0 0 1 3 4 5
    0 2 0 1 4 5
    0 1 3 3 1 5
    1 0 2 1 1 1
    1 1 1 3 1 5
  map 10:
    0 1 2 3 1 5
    0 1 1 3 4 5
    0 1 2 1 4 5
    0 1 0 3 1 5
    0 1 2 1 1 5
    1 1 2 3 1 5
  map 11:
    0 1 2 3 4 5
    0 1 2 3 4 5
    0 1 2 3 4 5
    0 1 2 3 4 5
    0 1 2 3 4 5
    0 1 2 3 4 5

=== domain 1: 653 facets ===
  reduced chain: 11 maps
  map 0:
    0 0 0 0 0 0
    1 1 1 1 1 1
    2 2 2 2 2 2
    3 3 3 3 3 3
    4 @ 4 4 4 4
    5 5 5 5 5 5
  map 1:
    0 5 5 0 0 3
    1 1 5 5 1 1
    2 5 5 2 2 3
    3 3 5 5 3 3
    4 @ 5 4 5 3
    5 5 5 5 5 5
  map 2:
    0 5 5 3 0 0
    3 1 5 5 1 5
    2 5 5 5 1 5
    5 3 5 5 5 3
    4 @ 5 5 5 3
    5 5 5 5 5 5
  map 3:
    5 5 5 0 0 3
    4 4 5 4 1 5
    2 5 5 3 1 5
    2 4 5 5 5 3
    4 @ 5 5 5 3
    5 3 0 4 5 5
  map 4:
    5 5 5 0 0 3
    4 5 4 0 5 5
    4 4 4 4 1 5
    5 4 5 5 5 5
    2 @ 2 1 5 5
    5 5 4 4 5 5
  map 5:
    2 5 5 1 5 0
    5 1 5 1 1 1
    0 4 0 2 1 5
    0 5 4 1 4 1
    5 @ 5 4 5 0
    0 0 4 5 4 5
  map 6:
    5 2 5 5 2 2
    1 1 1 4 5 1
    1 1 4 5 1 5
    1 5 4 4 4 4
    1 @ 1 1 1 2
    1 4 5 2 2 5
  map 7:
    2 1 4 3 1 3
    2 5 2 3 4 1
    0 2 5 2 4 5
    0 1 5 5 4 5
    0 @ 5 5 2 5
    4 2 5 5 5 5
  map 8:
    2 1 2 3 3 3
    2 1 2 3 4 5
    0 2 2 3 4 5
    0 1 2 3 4 5
    0 @ 2 3 2 5
    2 2 2 2 4 5
  map 9:
    0 1 3 3 3 5
    0 1 2 3 4 5
    0 1 2 3 4 5
    0 1 2 3 4 5
    0 @ 2 3 4 5
    0 1 2 3 4 5
  map 10:
    0 1 2 3 4 5
    0 1 2 3 4 5
    0 1 2 3 4 5
    0 1 2 3 4 5
    0 @ 2 3 4 5
    0 1 2 3 4 5

=== domain 2: 233 facets ===
  reduced chain: 8 maps
  map 0:
    0 0 0 0 0 0
    1 1 1 1 1 1
    2 2 2 2 2 2
    3 3 3 3 3 3
    4 @ 4 4 4 4
    5 5 5 5 5 5
  map 1:
    0 0 0 0 0 0
    0 1 0 0 0 0
    2 2 2 2 2 2
    3 3 3 3 3 0
    0 @ 4 4 4 4
    5 5 5 5 5 5
  map 2:
    0 0 5 5 5 3
    0 0 0 0 0 4
    3 2 0 2 0 4
    0 3 3 0 3 0
    0 @ 4 4 4 4
    2 5 5 5 0 5
  map 3:
    0 4 4 5 5 4
    0 0 4 2 5 4
    2 0 4 0 4 2
    0 0 5 0 0 0
    0 @ 2 4 5 2
    5 0 5 5 4 4
  map 4:
    5 5 4 1 5 4
    5 1 2 1 2 4
    4 4 5 2 1 2
    5 5 5 4 5 4
    1 @ 4 5 2 5
    4 1 1 4 2 5
  map 5:
    4 1 2 3 4 5
    4 1 2 4 4 5
    4 1 2 3 4 5
    0 1 2 4 4 5
    5 @ 2 4 4 5
    4 1 1 4 4 5
  map 6:
    0 1 2 3 4 5
    0 1 2 3 4 5
    0 1 2 3 4 5
    0 1 2 3 4 5
    0 @ 2 3 4 5
    4 1 5 0 4 5
  map 7:
    0 1 2 3 4 5
    0 1 2 3 4 5
    0 1 2 3 4 5
    0 1 2 3 4 5
    0 @ 2 3 4 5
    0 1 2 3 4 5

