Planner chains (chain-first GPU annealer, then Algorithm 2 reduce)

=== domain 0: 45276 facets ===
  reduced chain: 3 maps
  map 0:
    0 0 0 0 0 0 0 0
    1 1 1 1 1 1 1 1
    2 2 2 2 2 2 2 2
    3 3 3 3 3 3 3 3
    4 4 4 4 4 4 4 4
    5 5 5 5 5 5 5 5
    6 6 6 6 6 6 6 6
    7 7 7 7 7 7 7 7
  map 1:
    0 0 0 0 0 0 0 0
    0 0 0 0 0 0 0 0
    0 0 0 0 0 0 0 0
    0 0 0 0 0 0 0 0
    0 0 0 0 0 0 0 0
    0 0 0 0 0 0 0 0
    0 0 0 0 0 0 0 0
    0 0 0 0 0 0 0 0
  map 2:
    0 1 2 3 4 5 6 7
    0 1 2 3 4 5 6 7
    0 1 2 3 4 5 6 7
    0 1 2 3 4 5 6 7
    0 1 2 3 4 5 6 7
    0 1 2 3 4 5 6 7
    0 1 2 3 4 5 6 7
    0 1 2 3 4 5 6 7

=== domain 1: 12012 facets ===
  reduced chain: 3 maps
  map 0:
    @ 0 0 0 0 0 0 0
    1 1 1 1 1 1 1 1
    2 2 2 2 2 2 2 2
    3 3 3 3 3 3 3 3
    4 4 4 4 4 4 4 4
    5 5 5 5 5 5 5 5
    6 6 6 6 6 6 6 6
    7 7 7 7 7 7 7 7
  map 1:
    @ 1 1 1 1 1 1 1
    1 1 1 1 1 1 1 1
    1 1 1 1 1 1 1 1
    1 1 1 1 1 1 1 1
    1 1 1 1 1 1 1 1
    1 1 1 1 1 1 1 1
    1 1 1 1 1 1 1 1
    1 1 1 1 1 1 1 1
  map 2:
    @ 1 2 3 4 5 6 7
    0 1 2 3 4 5 6 7
    0 1 2 3 4 5 6 7
    0 1 2 3 4 5 6 7
    0 1 2 3 4 5 6 7
    0 1 2 3 4 5 6 7
    0 1 2 3 4 5 6 7
    0 1 2 3 4 5 6 7

=== domain 2: 1848 facets ===
  reduced chain: 3 maps
  map 0:
    @ 0 0 0 0 0 0 0
    1 @ 1 1 1 1 1 1
    2 2 2 2 2 2 2 2
    3 3 3 3 3 3 3 3
    4 4 4 4 4 4 4 4
    5 5 5 5 5 5 5 5
    6 6 6 6 6 6 6 6
    7 7 7 7 7 7 7 7
  map 1:
    @ 2 2 2 2 2 2 2
    2 @ 2 2 2 2 2 2
    2 2 2 2 2 2 2 2
    2 2 2 2 2 2 2 2
    2 2 2 2 2 2 2 2
    2 2 2 2 2 2 2 2
    2 2 2 2 2 2 2 2
    2 2 2 2 2 2 2 2
  map 2:
    @ 1 2 3 4 5 6 7
    0 @ 2 3 4 5 6 7
    0 1 2 3 4 5 6 7
    0 1 2 3 4 5 6 7
    0 1 2 3 4 5 6 7
    0 1 2 3 4 5 6 7
    0 1 2 3 4 5 6 7
    0 1 2 3 4 5 6 7

