Planner chains (chain-first GPU annealer, then Algorithm 2 reduce)

=== domain 0: 1750 facets ===
  reduced chain: 3 maps
  map 0:
    0 0 0 0 0 0
    1 1 1 1 1 1
    2 2 2 2 2 2
    3 3 3 3 3 3
    4 4 4 4 4 4
    5 5 5 5 5 5
  map 1:
    0 0 0 0 0 0
    0 0 0 0 0 0
    0 0 0 0 0 0
    0 0 0 0 0 0
    0 0 0 0 0 0
    0 0 0 0 0 0
  map 2:
    0 1 2 3 4 5
    0 1 2 3 4 5
    0 1 2 3 4 5
    0 1 2 3 4 5
    0 1 2 3 4 5
    0 1 2 3 4 5

=== domain 1: 630 facets ===
  reduced chain: 3 maps
  map 0:
    @ 0 0 0 0 0
    1 1 1 1 1 1
    2 2 2 2 2 2
    3 3 3 3 3 3
    4 4 4 4 4 4
    5 5 5 5 5 5
  map 1:
    @ 1 1 1 1 1
    1 1 1 1 1 1
    1 1 1 1 1 1
    1 1 1 1 1 1
    1 1 1 1 1 1
    1 1 1 1 1 1
  map 2:
    @ 1 2 3 4 5
    0 1 2 3 4 5
    0 1 2 3 4 5
    0 1 2 3 4 5
    0 1 2 3 4 5
    0 1 2 3 4 5

=== domain 2: 140 facets ===
  reduced chain: 3 maps
  map 0:
    @ 0 0 0 0 0
    1 @ 1 1 1 1
    2 2 2 2 2 2
    3 3 3 3 3 3
    4 4 4 4 4 4
    5 5 5 5 5 5
  map 1:
    @ 2 2 2 2 2
    2 @ 2 2 2 2
    2 2 2 2 2 2
    2 2 2 2 2 2
    2 2 2 2 2 2
    2 2 2 2 2 2
  map 2:
    @ 1 2 3 4 5
    0 @ 2 3 4 5
    0 1 2 3 4 5
    0 1 2 3 4 5
    0 1 2 3 4 5
    0 1 2 3 4 5

