Planner chains (chain-first GPU annealer, then Algorithm 2 reduce)

=== domain 0: 216 facets ===
  reduced chain: 3 maps
  map 0:
    0 0 0 0 0 0 0
    1 1 1 1 1 1 1
    2 2 2 2 2 2 2
    3 3 3 3 3 3 3
    4 4 4 4 4 4 4
    5 5 5 5 5 5 5
    6 6 6 6 6 6 6
  map 1:
    0 0 0 0 0 0 0
    0 0 0 0 0 0 0
    0 0 0 0 0 0 0
    0 0 0 0 0 0 0
    0 0 0 0 0 0 0
    0 0 0 0 0 0 0
    0 0 0 0 0 0 0
  map 2:
    0 1 2 3 4 5 6
    0 1 2 3 4 5 6
    0 1 2 3 4 5 6
    0 1 2 3 4 5 6
    0 1 2 3 4 5 6
    0 1 2 3 4 5 6
    0 1 2 3 4 5 6

=== domain 1: 168 facets ===
  reduced chain: 3 maps
  map 0:
    @ 0 0 @ @ 0 0
    1 1 1 1 1 1 1
    2 2 2 2 2 2 2
    3 3 3 3 3 3 3
    4 4 4 4 4 4 4
    5 5 5 5 5 5 5
    6 6 6 6 6 6 6
  map 1:
    @ 1 1 @ @ 1 1
    1 1 1 1 1 1 1
    1 1 1 1 1 1 1
    1 1 1 1 1 1 1
    1 1 1 1 1 1 1
    1 1 1 1 1 1 1
    1 1 1 1 1 1 1
  map 2:
    @ 1 2 @ @ 5 6
    0 1 2 3 4 5 6
    0 1 2 3 4 5 6
    0 1 2 3 4 5 6
    0 1 2 3 4 5 6
    0 1 2 3 4 5 6
    0 1 2 3 4 5 6

=== domain 2: 144 facets ===
  reduced chain: 4 maps
  map 0:
    @ 0 0 0 0 0 0
    @ 1 1 1 1 1 1
    @ 2 2 2 2 2 2
    @ 3 3 3 3 3 3
    @ 4 4 4 4 4 4
    @ 5 5 5 5 5 5
    @ 6 6 6 6 6 6
  map 1:
    @ 0 0 0 0 0 0
    @ 0 0 0 0 0 0
    @ 0 0 0 0 0 0
    @ 0 0 0 0 0 0
    @ 0 0 0 0 0 0
    @ 0 0 0 0 0 0
    @ 0 0 0 0 0 0
  map 2:
    @ 4 4 4 4 4 4
    @ 4 4 4 4 4 4
    @ 4 4 4 4 4 4
    @ 4 4 4 4 4 4
    @ 4 4 4 4 4 4
    @ 4 4 4 4 4 4
    @ 4 4 4 4 4 4
  map 3:
    @ 1 2 3 4 5 6
    @ 1 2 3 4 5 6
    @ 1 2 3 4 5 6
    @ 1 2 3 4 5 6
    @ 1 2 3 4 5 6
    @ 1 2 3 4 5 6
    @ 1 2 3 4 5 6

=== domain 3: 132 facets ===
  reduced chain: 3 maps
  map 0:
    @ @ 0 0 @ 0 0
    1 @ 1 1 1 1 1
    2 2 2 2 @ 2 @
    3 3 3 3 3 3 3
    4 4 4 4 4 4 4
    5 5 5 5 5 5 5
    6 6 6 6 6 6 6
  map 1:
    @ @ 3 3 @ 3 3
    3 @ 3 3 3 3 3
    3 3 3 3 @ 3 @
    3 3 3 3 3 3 3
    3 3 3 3 3 3 3
    3 3 3 3 3 3 3
    3 3 3 3 3 3 3
  map 2:
    @ @ 2 3 @ 5 6
    0 @ 2 3 4 5 6
    0 1 2 3 @ 5 @
    0 1 2 3 4 5 6
    0 1 2 3 4 5 6
    0 1 2 3 4 5 6
    0 1 2 3 4 5 6

=== domain 4: 120 facets ===
  reduced chain: 4 maps
  map 0:
    @ @ @ @ @ @ @
    1 @ 1 1 1 1 1
    2 2 2 2 2 2 2
    3 3 3 3 3 3 3
    4 4 4 4 4 4 4
    5 5 5 5 5 5 5
    6 @ 6 6 6 6 6
  map 1:
    @ @ @ @ @ @ @
    2 @ 2 2 2 2 2
    2 2 2 2 2 2 2
    2 2 2 2 2 2 2
    2 2 2 2 2 2 2
    2 2 2 2 2 2 2
    2 @ 2 2 2 2 2
  map 2:
    @ @ @ @ @ @ @
    4 @ 4 4 4 4 4
    4 4 4 4 4 4 4
    4 4 4 4 4 4 4
    4 4 4 4 4 4 4
    4 4 4 4 4 4 4
    4 @ 4 4 4 4 4
  map 3:
    @ @ @ @ @ @ @
    0 @ 2 3 4 5 6
    0 1 2 3 4 5 6
    0 1 2 3 4 5 6
    0 1 2 3 4 5 6
    0 1 2 3 4 5 6
    0 @ 2 3 4 5 6

=== domain 5: 108 facets ===
  reduced chain: 4 maps
  map 0:
    @ 0 0 0 @ 0 0
    1 @ 1 1 @ 1 1
    2 2 2 2 @ 2 2
    3 3 3 3 @ 3 3
    4 4 4 4 @ 4 4
    5 5 5 5 @ 5 5
    6 6 6 6 @ 6 6
  map 1:
    @ 2 2 2 @ 2 2
    2 @ 2 2 @ 2 2
    2 2 2 2 @ 2 2
    2 2 2 2 @ 2 2
    2 2 2 2 @ 2 2
    2 2 2 2 @ 2 2
    2 2 2 2 @ 2 2
  map 2:
    @ 6 6 6 @ 6 6
    6 @ 6 6 @ 6 6
    6 6 6 6 @ 6 6
    6 6 6 6 @ 6 6
    6 6 6 6 @ 6 6
    6 6 6 6 @ 6 6
    6 6 6 6 @ 6 6
  map 3:
    @ 1 2 3 @ 5 6
    0 @ 2 3 @ 5 6
    0 1 2 3 @ 5 6
    0 1 2 3 @ 5 6
    0 1 2 3 @ 5 6
    0 1 2 3 @ 5 6
    0 1 2 3 @ 5 6

=== domain 6: 78 facets ===
  reduced chain: 3 maps
  map 0:
    @ 0 0 0 @ 0 0
    1 @ 1 1 1 1 1
    2 2 @ @ @ 2 @
    3 3 3 @ 3 3 3
    @ 4 @ 4 @ 4 4
    5 5 5 5 5 5 5
    6 6 6 6 6 6 6
  map 1:
    @ 5 5 5 @ 5 5
    5 @ 5 5 5 5 5
    5 5 @ @ @ 5 @
    5 5 5 @ 5 5 5
    @ 5 @ 5 @ 5 5
    5 5 5 5 5 5 5
    5 5 5 5 5 5 5
  map 2:
    @ 1 2 3 @ 5 6
    0 @ 2 3 4 5 6
    0 1 @ @ @ 5 @
    0 1 2 @ 4 5 6
    @ 1 @ 3 @ 5 6
    0 1 2 3 4 5 6
    0 1 2 3 4 5 6

=== domain 7: 66 facets ===
  reduced chain: 4 maps
  map 0:
    @ @ @ @ @ @ @
    1 @ 1 1 1 1 1
    2 2 2 2 @ 2 @
    3 3 3 @ 3 3 3
    4 4 4 4 4 4 4
    5 5 5 5 @ 5 @
    6 6 6 @ 6 6 6
  map 1:
    @ @ @ @ @ @ @
    4 @ 4 4 4 4 4
    4 4 4 4 @ 4 @
    4 4 4 @ 4 4 4
    4 4 4 4 4 4 4
    4 4 4 4 @ 4 @
    4 4 4 @ 4 4 4
  map 2:
    @ @ @ @ @ @ @
    0 @ 0 0 0 0 0
    0 0 0 0 @ 0 @
    0 0 0 @ 0 0 0
    0 0 0 0 0 0 0
    0 0 0 0 @ 0 @
    0 0 0 @ 0 0 0
  map 3:
    @ @ @ @ @ @ @
    0 @ 2 3 4 5 6
    0 1 2 3 @ 5 @
    0 1 2 @ 4 5 6
    0 1 2 3 4 5 6
    0 1 2 3 @ 5 @
    0 1 2 @ 4 5 6

=== domain 8: 60 facets ===
  reduced chain: 4 maps
  map 0:
    @ 0 0 0 @ 0 0
    @ @ 1 1 1 1 @
    @ @ 2 2 @ 2 @
    @ 3 3 @ 3 3 3
    @ 4 4 4 4 4 4
    @ 5 5 5 @ 5 5
    @ 6 6 6 6 6 6
  map 1:
    @ 4 4 4 @ 4 4
    @ @ 4 4 4 4 @
    @ @ 4 4 @ 4 @
    @ 4 4 @ 4 4 4
    @ 4 4 4 4 4 4
    @ 4 4 4 @ 4 4
    @ 4 4 4 4 4 4
  map 2:
    @ 2 2 2 @ 2 2
    @ @ 2 2 2 2 @
    @ @ 2 2 @ 2 @
    @ 2 2 @ 2 2 2
    @ 2 2 2 2 2 2
    @ 2 2 2 @ 2 2
    @ 2 2 2 2 2 2
  map 3:
    @ 1 2 3 @ 5 6
    @ @ 2 3 4 5 @
    @ @ 2 3 @ 5 @
    @ 1 2 @ 4 5 6
    @ 1 2 3 4 5 6
    @ 1 2 3 @ 5 6
    @ 1 2 3 4 5 6

=== domain 9: 48 facets ===
  reduced chain: 4 maps
  map 0:
    @ @ 0 0 @ 0 @
    1 @ 1 1 @ 1 1
    2 @ 2 2 @ 2 @
    3 3 3 @ 3 @ 3
    @ @ @ @ @ @ @
    5 5 5 5 5 @ 5
    6 6 6 6 6 6 6
  map 1:
    @ @ 6 6 @ 6 @
    6 @ 6 6 @ 6 6
    6 @ 6 6 @ 6 @
    6 6 6 @ 6 @ 6
    @ @ @ @ @ @ @
    6 6 6 6 6 @ 6
    6 6 6 6 6 6 6
  map 2:
    @ @ 2 2 @ 2 @
    2 @ 2 2 @ 2 2
    2 @ 2 2 @ 2 @
    2 2 2 @ 2 @ 2
    @ @ @ @ @ @ @
    2 2 2 2 2 @ 2
    2 2 2 2 2 2 2
  map 3:
    @ @ 2 3 @ 5 @
    0 @ 2 3 @ 5 6
    0 @ 2 3 @ 5 @
    0 1 2 @ 4 @ 6
    @ @ @ @ @ @ @
    0 1 2 3 4 @ 6
    0 1 2 3 4 5 6

=== domain 10: 36 facets ===
  reduced chain: 3 maps
  map 0:
    @ 0 @ 0 @ 0 0
    1 @ @ 1 1 @ 1
    @ @ @ @ @ @ @
    3 3 @ @ 3 3 3
    @ 4 @ 4 @ 4 4
    5 @ @ 5 5 @ 5
    6 6 @ 6 6 6 6
  map 1:
    @ 6 @ 6 @ 6 6
    6 @ @ 6 6 @ 6
    @ @ @ @ @ @ @
    6 6 @ @ 6 6 6
    @ 6 @ 6 @ 6 6
    6 @ @ 6 6 @ 6
    6 6 @ 6 6 6 6
  map 2:
    @ 1 @ 3 @ 5 6
    0 @ @ 3 4 @ 6
    @ @ @ @ @ @ @
    0 1 @ @ 4 5 6
    @ 1 @ 3 @ 5 6
    0 @ @ 3 4 @ 6
    0 1 @ 3 4 5 6

