Planner chains (chain-first GPU annealer, then Algorithm 2 reduce)

=== domain 0: 9072 facets ===
  reduced chain: 3 maps
  map 0:
    0 0 0 0 0 0 0
    1 1 1 1 1 1 1
    2 2 2 2 2 2 2
    3 3 3 3 3 3 3
    4 4 4 4 4 4 4
    5 5 5 5 5 5 5
    6 6 6 6 6 6 6
  map 1:
    0 0 0 0 0 0 0
    0 0 0 0 0 0 0
    0 0 0 0 0 0 0
    0 0 0 0 0 0 0
    0 0 0 0 0 0 0
    0 0 0 0 0 0 0
    0 0 0 0 0 0 0
  map 2:
    0 1 2 3 4 5 6
    0 1 2 3 4 5 6
    0 1 2 3 4 5 6
    0 1 2 3 4 5 6
    0 1 2 3 4 5 6
    0 1 2 3 4 5 6
    0 1 2 3 4 5 6

=== domain 1: 2772 facets ===
  reduced chain: 3 maps
  map 0:
    @ 0 0 0 0 0 0
    1 1 1 1 1 1 1
    2 2 2 2 2 2 2
    3 3 3 3 3 3 3
    4 4 4 4 4 4 4
    5 5 5 5 5 5 5
    6 6 6 6 6 6 6
  map 1:
    @ 1 1 1 1 1 1
    1 1 1 1 1 1 1
    1 1 1 1 1 1 1
    1 1 1 1 1 1 1
    1 1 1 1 1 1 1
    1 1 1 1 1 1 1
    1 1 1 1 1 1 1
  map 2:
    @ 1 2 3 4 5 6
    0 1 2 3 4 5 6
    0 1 2 3 4 5 6
    0 1 2 3 4 5 6
    0 1 2 3 4 5 6
    0 1 2 3 4 5 6
    0 1 2 3 4 5 6

=== domain 2: 504 facets ===
  reduced chain: 3 maps
  map 0:
    @ 0 0 0 0 0 0
    1 @ 1 1 1 1 1
    2 2 2 2 2 2 2
    3 3 3 3 3 3 3
    4 4 4 4 4 4 4
    5 5 5 5 5 5 5
    6 6 6 6 6 6 6
  map 1:
    @ 2 2 2 2 2 2
    2 @ 2 2 2 2 2
    2 2 2 2 2 2 2
    2 2 2 2 2 2 2
    2 2 2 2 2 2 2
    2 2 2 2 2 2 2
    2 2 2 2 2 2 2
  map 2:
    @ 1 2 3 4 5 6
    0 @ 2 3 4 5 6
    0 1 2 3 4 5 6
    0 1 2 3 4 5 6
    0 1 2 3 4 5 6
    0 1 2 3 4 5 6
    0 1 2 3 4 5 6

