KxK: 864 maximal facets; cover with 3 domains (SC_strict <= 2)

--- domain 0  (482 facets) ---
  facet   0: (0,0) (0,3) (0,7) (3,7) (7,7)
  facet   1: (0,0) (0,3) (3,3) (3,7) (7,7)
  facet   2: (0,0) (3,0) (3,3) (3,7) (7,7)
  facet   3: (0,0) (0,3) (3,3) (7,3) (7,7)
  facet   4: (0,0) (3,0) (3,3) (7,3) (7,7)
  facet   5: (0,0) (3,0) (7,0) (7,3) (7,7)
  facet   6: (0,0) (0,4) (0,7) (3,7) (7,7)
  facet   7: (0,0) (0,4) (3,4) (3,7) (7,7)
  facet   8: (0,0) (3,0) (3,4) (3,7) (7,7)
  facet   9: (0,0) (0,4) (3,4) (7,4) (7,7)
  facet  10: (0,0) (3,0) (3,4) (7,4) (7,7)
  facet  11: (0,0) (3,0) (7,0) (7,4) (7,7)
  facet  12: (0,1) (0,2) (0,6) (3,6) (7,6)
  facet  13: (0,1) (0,2) (3,2) (3,6) (7,6)
  facet  14: (0,1) (3,1) (3,2) (3,6) (7,6)
  facet  15: (0,1) (0,2) (3,2) (7,2) (7,6)
  facet  16: (0,1) (3,1) (3,2) (7,2) (7,6)
  facet  17: (0,1) (3,1) (7,1) (7,2) (7,6)
  facet  18: (0,1) (0,5) (0,6) (3,6) (7,6)
  facet  19: (0,1) (0,5) (3,5) (3,6) (7,6)
  facet  20: (0,1) (3,1) (3,5) (3,6) (7,6)
  facet  21: (0,1) (0,5) (3,5) (7,5) (7,6)
  facet  22: (0,1) (3,1) (3,5) (7,5) (7,6)
  facet  23: (0,1) (3,1) (7,1) (7,5) (7,6)
  facet  30: (0,0) (0,4) (0,5) (3,5) (7,5)
  facet  31: (0,0) (0,4) (3,4) (3,5) (7,5)
  facet  32: (0,0) (3,0) (3,4) (3,5) (7,5)
  facet  33: (0,0) (0,4) (3,4) (7,4) (7,5)
  facet  34: (0,0) (3,0) (3,4) (7,4) (7,5)
  facet  35: (0,0) (3,0) (7,0) (7,4) (7,5)
  facet  36: (0,2) (0,3) (0,7) (3,7) (7,7)
  facet  37: (0,2) (0,3) (3,3) (3,7) (7,7)
  facet  38: (0,2) (3,2) (3,3) (3,7) (7,7)
  facet  39: (0,2) (0,3) (3,3) (7,3) (7,7)
  facet  40: (0,2) (3,2) (3,3) (7,3) (7,7)
  facet  41: (0,2) (3,2) (7,2) (7,3) (7,7)
  facet  42: (0,2) (0,6) (0,7) (3,7) (7,7)
  facet  43: (0,2) (0,6) (3,6) (3,7) (7,7)
  facet  44: (0,2) (3,2) (3,6) (3,7) (7,7)
  facet  45: (0,2) (0,6) (3,6) (7,6) (7,7)
  facet  46: (0,2) (3,2) (3,6) (7,6) (7,7)
  facet  47: (0,2) (3,2) (7,2) (7,6) (7,7)
  facet  48: (0,4) (0,5) (0,6) (3,6) (7,6)
  facet  49: (0,4) (0,5) (3,5) (3,6) (7,6)
  facet  50: (0,4) (3,4) (3,5) (3,6) (7,6)
  facet  51: (0,4) (0,5) (3,5) (7,5) (7,6)
  facet  52: (0,4) (3,4) (3,5) (7,5) (7,6)
  facet  53: (0,4) (3,4) (7,4) (7,5) (7,6)
  facet  54: (0,4) (0,6) (0,7) (3,7) (7,7)
  facet  55: (0,4) (0,6) (3,6) (3,7) (7,7)
  facet  56: (0,4) (3,4) (3,6) (3,7) (7,7)
  facet  57: (0,4) (0,6) (3,6) (7,6) (7,7)
  facet  58: (0,4) (3,4) (3,6) (7,6) (7,7)
  facet  59: (0,4) (3,4) (7,4) (7,6) (7,7)
  facet  72: (0,0) (0,3) (0,7) (4,7) (7,7)
  facet  73: (0,0) (0,3) (4,3) (4,7) (7,7)
  facet  74: (0,0) (4,0) (4,3) (4,7) (7,7)
  facet  75: (0,0) (0,3) (4,3) (7,3) (7,7)
  facet  76: (0,0) (4,0) (4,3) (7,3) (7,7)
  facet  77: (0,0) (4,0) (7,0) (7,3) (7,7)
  facet  78: (0,0) (0,4) (0,7) (4,7) (7,7)
  facet  79: (0,0) (0,4) (4,4) (4,7) (7,7)
  facet  80: (0,0) (4,0) (4,4) (4,7) (7,7)
  facet  81: (0,0) (0,4) (4,4) (7,4) (7,7)
  facet  82: (0,0) (4,0) (4,4) (7,4) (7,7)
  facet  83: (0,0) (4,0) (7,0) (7,4) (7,7)
  facet  84: (0,1) (0,2) (0,6) (4,6) (7,6)
  facet  85: (0,1) (0,2) (4,2) (4,6) (7,6)
  facet  86: (0,1) (4,1) (4,2) (4,6) (7,6)
  facet  87: (0,1) (0,2) (4,2) (7,2) (7,6)
  facet  88: (0,1) (4,1) (4,2) (7,2) (7,6)
  facet  89: (0,1) (4,1) (7,1) (7,2) (7,6)
  facet  90: (0,1) (0,5) (0,6) (4,6) (7,6)
  facet  91: (0,1) (0,5) (4,5) (4,6) (7,6)
  facet  92: (0,1) (4,1) (4,5) (4,6) (7,6)
  facet  93: (0,1) (0,5) (4,5) (7,5) (7,6)
  facet  94: (0,1) (4,1) (4,5) (7,5) (7,6)
  facet  95: (0,1) (4,1) (7,1) (7,5) (7,6)
  facet 102: (0,0) (0,4) (0,5) (4,5) (7,5)
  facet 103: (0,0) (0,4) (4,4) (4,5) (7,5)
  facet 104: (0,0) (4,0) (4,4) (4,5) (7,5)
  facet 105: (0,0) (0,4) (4,4) (7,4) (7,5)
  facet 106: (0,0) (4,0) (4,4) (7,4) (7,5)
  facet 107: (0,0) (4,0) (7,0) (7,4) (7,5)
  facet 108: (0,2) (0,3) (0,7) (4,7) (7,7)
  facet 109: (0,2) (0,3) (4,3) (4,7) (7,7)
  facet 110: (0,2) (4,2) (4,3) (4,7) (7,7)
  facet 111: (0,2) (0,3) (4,3) (7,3) (7,7)
  facet 112: (0,2) (4,2) (4,3) (7,3) (7,7)
  facet 113: (0,2) (4,2) (7,2) (7,3) (7,7)
  facet 114: (0,2) (0,6) (0,7) (4,7) (7,7)
  facet 115: (0,2) (0,6) (4,6) (4,7) (7,7)
  facet 116: (0,2) (4,2) (4,6) (4,7) (7,7)
  facet 117: (0,2) (0,6) (4,6) (7,6) (7,7)
  facet 118: (0,2) (4,2) (4,6) (7,6) (7,7)
  facet 119: (0,2) (4,2) (7,2) (7,6) (7,7)
  facet 120: (0,4) (0,5) (0,6) (4,6) (7,6)
  facet 121: (0,4) (0,5) (4,5) (4,6) (7,6)
  facet 122: (0,4) (4,4) (4,5) (4,6) (7,6)
  facet 123: (0,4) (0,5) (4,5) (7,5) (7,6)
  facet 124: (0,4) (4,4) (4,5) (7,5) (7,6)
  facet 125: (0,4) (4,4) (7,4) (7,5) (7,6)
  facet 126: (0,4) (0,6) (0,7) (4,7) (7,7)
  facet 127: (0,4) (0,6) (4,6) (4,7) (7,7)
  facet 128: (0,4) (4,4) (4,6) (4,7) (7,7)
  facet 129: (0,4) (0,6) (4,6) (7,6) (7,7)
  facet 130: (0,4) (4,4) (4,6) (7,6) (7,7)
  facet 131: (0,4) (4,4) (7,4) (7,6) (7,7)
  facet 144: (1,0) (1,3) (1,7) (2,7) (6,7)
  facet 145: (1,0) (1,3) (2,3) (2,7) (6,7)
  facet 146: (1,0) (2,0) (2,3) (2,7) (6,7)
  facet 147: (1,0) (1,3) (2,3) (6,3) (6,7)
  facet 148: (1,0) (2,0) (2,3) (6,3) (6,7)
  facet 149: (1,0) (2,0) (6,0) (6,3) (6,7)
  facet 150: (1,0) (1,4) (1,7) (2,7) (6,7)
  facet 151: (1,0) (1,4) (2,4) (2,7) (6,7)
  facet 152: (1,0) (2,0) (2,4) (2,7) (6,7)
  facet 153: (1,0) (1,4) (2,4) (6,4) (6,7)
  facet 154: (1,0) (2,0) (2,4) (6,4) (6,7)
  facet 155: (1,0) (2,0) (6,0) (6,4) (6,7)
  facet 156: (1,1) (1,2) (1,6) (2,6) (6,6)
  facet 157: (1,1) (1,2) (2,2) (2,6) (6,6)
  facet 158: (1,1) (2,1) (2,2) (2,6) (6,6)
  facet 159: (1,1) (1,2) (2,2) (6,2) (6,6)
  facet 160: (1,1) (2,1) (2,2) (6,2) (6,6)
  facet 161: (1,1) (2,1) (6,1) (6,2) (6,6)
  facet 162: (1,1) (1,5) (1,6) (2,6) (6,6)
  facet 163: (1,1) (1,5) (2,5) (2,6) (6,6)
  facet 164: (1,1) (2,1) (2,5) (2,6) (6,6)
  facet 165: (1,1) (1,5) (2,5) (6,5) (6,6)
  facet 166: (1,1) (2,1) (2,5) (6,5) (6,6)
  facet 167: (1,1) (2,1) (6,1) (6,5) (6,6)
  facet 174: (1,0) (1,4) (1,5) (2,5) (6,5)
  facet 175: (1,0) (1,4) (2,4) (2,5) (6,5)
  facet 176: (1,0) (2,0) (2,4) (2,5) (6,5)
  facet 177: (1,0) (1,4) (2,4) (6,4) (6,5)
  facet 178: (1,0) (2,0) (2,4) (6,4) (6,5)
  facet 179: (1,0) (2,0) (6,0) (6,4) (6,5)
  facet 180: (1,2) (1,3) (1,7) (2,7) (6,7)
  facet 181: (1,2) (1,3) (2,3) (2,7) (6,7)
  facet 182: (1,2) (2,2) (2,3) (2,7) (6,7)
  facet 183: (1,2) (1,3) (2,3) (6,3) (6,7)
  facet 184: (1,2) (2,2) (2,3) (6,3) (6,7)
  facet 185: (1,2) (2,2) (6,2) (6,3) (6,7)
  facet 186: (1,2) (1,6) (1,7) (2,7) (6,7)
  facet 187: (1,2) (1,6) (2,6) (2,7) (6,7)
  facet 188: (1,2) (2,2) (2,6) (2,7) (6,7)
  facet 189: (1,2) (1,6) (2,6) (6,6) (6,7)
  facet 190: (1,2) (2,2) (2,6) (6,6) (6,7)
  facet 191: (1,2) (2,2) (6,2) (6,6) (6,7)
  facet 192: (1,4) (1,5) (1,6) (2,6) (6,6)
  facet 193: (1,4) (1,5) (2,5) (2,6) (6,6)
  facet 194: (1,4) (2,4) (2,5) (2,6) (6,6)
  facet 195: (1,4) (1,5) (2,5) (6,5) (6,6)
  facet 196: (1,4) (2,4) (2,5) (6,5) (6,6)
  facet 197: (1,4) (2,4) (6,4) (6,5) (6,6)
  facet 198: (1,4) (1,6) (1,7) (2,7) (6,7)
  facet 199: (1,4) (1,6) (2,6) (2,7) (6,7)
  facet 200: (1,4) (2,4) (2,6) (2,7) (6,7)
  facet 201: (1,4) (1,6) (2,6) (6,6) (6,7)
  facet 202: (1,4) (2,4) (2,6) (6,6) (6,7)
  facet 203: (1,4) (2,4) (6,4) (6,6) (6,7)
  facet 216: (1,0) (1,3) (1,7) (5,7) (6,7)
  facet 217: (1,0) (1,3) (5,3) (5,7) (6,7)
  facet 218: (1,0) (5,0) (5,3) (5,7) (6,7)
  facet 219: (1,0) (1,3) (5,3) (6,3) (6,7)
  facet 220: (1,0) (5,0) (5,3) (6,3) (6,7)
  facet 221: (1,0) (5,0) (6,0) (6,3) (6,7)
  facet 222: (1,0) (1,4) (1,7) (5,7) (6,7)
  facet 223: (1,0) (1,4) (5,4) (5,7) (6,7)
  facet 224: (1,0) (5,0) (5,4) (5,7) (6,7)
  facet 225: (1,0) (1,4) (5,4) (6,4) (6,7)
  facet 226: (1,0) (5,0) (5,4) (6,4) (6,7)
  facet 227: (1,0) (5,0) (6,0) (6,4) (6,7)
  facet 228: (1,1) (1,2) (1,6) (5,6) (6,6)
  facet 229: (1,1) (1,2) (5,2) (5,6) (6,6)
  facet 230: (1,1) (5,1) (5,2) (5,6) (6,6)
  facet 231: (1,1) (1,2) (5,2) (6,2) (6,6)
  facet 232: (1,1) (5,1) (5,2) (6,2) (6,6)
  facet 233: (1,1) (5,1) (6,1) (6,2) (6,6)
  facet 234: (1,1) (1,5) (1,6) (5,6) (6,6)
  facet 235: (1,1) (1,5) (5,5) (5,6) (6,6)
  facet 236: (1,1) (5,1) (5,5) (5,6) (6,6)
  facet 237: (1,1) (1,5) (5,5) (6,5) (6,6)
  facet 246: (1,0) (1,4) (1,5) (5,5) (6,5)
  facet 247: (1,0) (1,4) (5,4) (5,5) (6,5)
  facet 248: (1,0) (5,0) (5,4) (5,5) (6,5)
  facet 249: (1,0) (1,4) (5,4) (6,4) (6,5)
  facet 250: (1,0) (5,0) (5,4) (6,4) (6,5)
  facet 251: (1,0) (5,0) (6,0) (6,4) (6,5)
  facet 252: (1,2) (1,3) (1,7) (5,7) (6,7)
  facet 253: (1,2) (1,3) (5,3) (5,7) (6,7)
  facet 254: (1,2) (5,2) (5,3) (5,7) (6,7)
  facet 255: (1,2) (1,3) (5,3) (6,3) (6,7)
  facet 256: (1,2) (5,2) (5,3) (6,3) (6,7)
  facet 257: (1,2) (5,2) (6,2) (6,3) (6,7)
  facet 258: (1,2) (1,6) (1,7) (5,7) (6,7)
  facet 259: (1,2) (1,6) (5,6) (5,7) (6,7)
  facet 260: (1,2) (5,2) (5,6) (5,7) (6,7)
  facet 261: (1,2) (1,6) (5,6) (6,6) (6,7)
  facet 262: (1,2) (5,2) (5,6) (6,6) (6,7)
  facet 263: (1,2) (5,2) (6,2) (6,6) (6,7)
  facet 264: (1,4) (1,5) (1,6) (5,6) (6,6)
  facet 265: (1,4) (1,5) (5,5) (5,6) (6,6)
  facet 266: (1,4) (5,4) (5,5) (5,6) (6,6)
  facet 267: (1,4) (1,5) (5,5) (6,5) (6,6)
  facet 268: (1,4) (5,4) (5,5) (6,5) (6,6)
  facet 269: (1,4) (5,4) (6,4) (6,5) (6,6)
  facet 270: (1,4) (1,6) (1,7) (5,7) (6,7)
  facet 271: (1,4) (1,6) (5,6) (5,7) (6,7)
  facet 272: (1,4) (5,4) (5,6) (5,7) (6,7)
  facet 273: (1,4) (1,6) (5,6) (6,6) (6,7)
  facet 274: (1,4) (5,4) (5,6) (6,6) (6,7)
  facet 275: (1,4) (5,4) (6,4) (6,6) (6,7)
  facet 360: (0,0) (0,3) (0,7) (4,7) (5,7)
  facet 361: (0,0) (0,3) (4,3) (4,7) (5,7)
  facet 362: (0,0) (4,0) (4,3) (4,7) (5,7)
  facet 363: (0,0) (0,3) (4,3) (5,3) (5,7)
  facet 364: (0,0) (4,0) (4,3) (5,3) (5,7)
  facet 365: (0,0) (4,0) (5,0) (5,3) (5,7)
  facet 366: (0,0) (0,4) (0,7) (4,7) (5,7)
  facet 367: (0,0) (0,4) (4,4) (4,7) (5,7)
  facet 368: (0,0) (4,0) (4,4) (4,7) (5,7)
  facet 369: (0,0) (0,4) (4,4) (5,4) (5,7)
  facet 370: (0,0) (4,0) (4,4) (5,4) (5,7)
  facet 371: (0,0) (4,0) (5,0) (5,4) (5,7)
  facet 372: (0,1) (0,2) (0,6) (4,6) (5,6)
  facet 373: (0,1) (0,2) (4,2) (4,6) (5,6)
  facet 374: (0,1) (4,1) (4,2) (4,6) (5,6)
  facet 375: (0,1) (0,2) (4,2) (5,2) (5,6)
  facet 376: (0,1) (4,1) (4,2) (5,2) (5,6)
  facet 377: (0,1) (4,1) (5,1) (5,2) (5,6)
  facet 378: (0,1) (0,5) (0,6) (4,6) (5,6)
  facet 379: (0,1) (0,5) (4,5) (4,6) (5,6)
  facet 380: (0,1) (4,1) (4,5) (4,6) (5,6)
  facet 381: (0,1) (0,5) (4,5) (5,5) (5,6)
  facet 382: (0,1) (4,1) (4,5) (5,5) (5,6)
  facet 383: (0,1) (4,1) (5,1) (5,5) (5,6)
  facet 390: (0,0) (0,4) (0,5) (4,5) (5,5)
  facet 391: (0,0) (0,4) (4,4) (4,5) (5,5)
  facet 392: (0,0) (4,0) (4,4) (4,5) (5,5)
  facet 393: (0,0) (0,4) (4,4) (5,4) (5,5)
  facet 394: (0,0) (4,0) (4,4) (5,4) (5,5)
  facet 395: (0,0) (4,0) (5,0) (5,4) (5,5)
  facet 396: (0,2) (0,3) (0,7) (4,7) (5,7)
  facet 397: (0,2) (0,3) (4,3) (4,7) (5,7)
  facet 398: (0,2) (4,2) (4,3) (4,7) (5,7)
  facet 399: (0,2) (0,3) (4,3) (5,3) (5,7)
  facet 400: (0,2) (4,2) (4,3) (5,3) (5,7)
  facet 401: (0,2) (4,2) (5,2) (5,3) (5,7)
  facet 402: (0,2) (0,6) (0,7) (4,7) (5,7)
  facet 403: (0,2) (0,6) (4,6) (4,7) (5,7)
  facet 404: (0,2) (4,2) (4,6) (4,7) (5,7)
  facet 405: (0,2) (0,6) (4,6) (5,6) (5,7)
  facet 406: (0,2) (4,2) (4,6) (5,6) (5,7)
  facet 407: (0,2) (4,2) (5,2) (5,6) (5,7)
  facet 408: (0,4) (0,5) (0,6) (4,6) (5,6)
  facet 409: (0,4) (0,5) (4,5) (4,6) (5,6)
  facet 410: (0,4) (4,4) (4,5) (4,6) (5,6)
  facet 411: (0,4) (0,5) (4,5) (5,5) (5,6)
  facet 412: (0,4) (4,4) (4,5) (5,5) (5,6)
  facet 413: (0,4) (4,4) (5,4) (5,5) (5,6)
  facet 414: (0,4) (0,6) (0,7) (4,7) (5,7)
  facet 415: (0,4) (0,6) (4,6) (4,7) (5,7)
  facet 416: (0,4) (4,4) (4,6) (4,7) (5,7)
  facet 417: (0,4) (0,6) (4,6) (5,6) (5,7)
  facet 418: (0,4) (4,4) (4,6) (5,6) (5,7)
  facet 419: (0,4) (4,4) (5,4) (5,6) (5,7)
  facet 432: (2,0) (2,3) (2,7) (3,7) (7,7)
  facet 433: (2,0) (2,3) (3,3) (3,7) (7,7)
  facet 434: (2,0) (3,0) (3,3) (3,7) (7,7)
  facet 435: (2,0) (2,3) (3,3) (7,3) (7,7)
  facet 436: (2,0) (3,0) (3,3) (7,3) (7,7)
  facet 437: (2,0) (3,0) (7,0) (7,3) (7,7)
  facet 438: (2,0) (2,4) (2,7) (3,7) (7,7)
  facet 439: (2,0) (2,4) (3,4) (3,7) (7,7)
  facet 440: (2,0) (3,0) (3,4) (3,7) (7,7)
  facet 441: (2,0) (2,4) (3,4) (7,4) (7,7)
  facet 442: (2,0) (3,0) (3,4) (7,4) (7,7)
  facet 443: (2,0) (3,0) (7,0) (7,4) (7,7)
  facet 444: (2,1) (2,2) (2,6) (3,6) (7,6)
  facet 445: (2,1) (2,2) (3,2) (3,6) (7,6)
  facet 446: (2,1) (3,1) (3,2) (3,6) (7,6)
  facet 447: (2,1) (2,2) (3,2) (7,2) (7,6)
  facet 448: (2,1) (3,1) (3,2) (7,2) (7,6)
  facet 449: (2,1) (3,1) (7,1) (7,2) (7,6)
  facet 450: (2,1) (2,5) (2,6) (3,6) (7,6)
  facet 451: (2,1) (2,5) (3,5) (3,6) (7,6)
  facet 452: (2,1) (3,1) (3,5) (3,6) (7,6)
  facet 453: (2,1) (2,5) (3,5) (7,5) (7,6)
  facet 454: (2,1) (3,1) (3,5) (7,5) (7,6)
  facet 455: (2,1) (3,1) (7,1) (7,5) (7,6)
  facet 462: (2,0) (2,4) (2,5) (3,5) (7,5)
  facet 463: (2,0) (2,4) (3,4) (3,5) (7,5)
  facet 464: (2,0) (3,0) (3,4) (3,5) (7,5)
  facet 465: (2,0) (2,4) (3,4) (7,4) (7,5)
  facet 466: (2,0) (3,0) (3,4) (7,4) (7,5)
  facet 467: (2,0) (3,0) (7,0) (7,4) (7,5)
  facet 468: (2,2) (2,3) (2,7) (3,7) (7,7)
  facet 469: (2,2) (2,3) (3,3) (3,7) (7,7)
  facet 470: (2,2) (3,2) (3,3) (3,7) (7,7)
  facet 471: (2,2) (2,3) (3,3) (7,3) (7,7)
  facet 472: (2,2) (3,2) (3,3) (7,3) (7,7)
  facet 473: (2,2) (3,2) (7,2) (7,3) (7,7)
  facet 474: (2,2) (2,6) (2,7) (3,7) (7,7)
  facet 475: (2,2) (2,6) (3,6) (3,7) (7,7)
  facet 476: (2,2) (3,2) (3,6) (3,7) (7,7)
  facet 477: (2,2) (2,6) (3,6) (7,6) (7,7)
  facet 478: (2,2) (3,2) (3,6) (7,6) (7,7)
  facet 479: (2,2) (3,2) (7,2) (7,6) (7,7)
  facet 480: (2,4) (2,5) (2,6) (3,6) (7,6)
  facet 481: (2,4) (2,5) (3,5) (3,6) (7,6)
  facet 482: (2,4) (3,4) (3,5) (3,6) (7,6)
  facet 483: (2,4) (2,5) (3,5) (7,5) (7,6)
  facet 484: (2,4) (3,4) (3,5) (7,5) (7,6)
  facet 485: (2,4) (3,4) (7,4) (7,5) (7,6)
  facet 486: (2,4) (2,6) (2,7) (3,7) (7,7)
  facet 487: (2,4) (2,6) (3,6) (3,7) (7,7)
  facet 488: (2,4) (3,4) (3,6) (3,7) (7,7)
  facet 489: (2,4) (2,6) (3,6) (7,6) (7,7)
  facet 490: (2,4) (3,4) (3,6) (7,6) (7,7)
  facet 491: (2,4) (3,4) (7,4) (7,6) (7,7)
  facet 504: (2,0) (2,3) (2,7) (6,7) (7,7)
  facet 505: (2,0) (2,3) (6,3) (6,7) (7,7)
  facet 506: (2,0) (6,0) (6,3) (6,7) (7,7)
  facet 507: (2,0) (2,3) (6,3) (7,3) (7,7)
  facet 508: (2,0) (6,0) (6,3) (7,3) (7,7)
  facet 509: (2,0) (6,0) (7,0) (7,3) (7,7)
  facet 510: (2,0) (2,4) (2,7) (6,7) (7,7)
  facet 511: (2,0) (2,4) (6,4) (6,7) (7,7)
  facet 512: (2,0) (6,0) (6,4) (6,7) (7,7)
  facet 513: (2,0) (2,4) (6,4) (7,4) (7,7)
  facet 514: (2,0) (6,0) (6,4) (7,4) (7,7)
  facet 515: (2,0) (6,0) (7,0) (7,4) (7,7)
  facet 516: (2,1) (2,2) (2,6) (6,6) (7,6)
  facet 517: (2,1) (2,2) (6,2) (6,6) (7,6)
  facet 518: (2,1) (6,1) (6,2) (6,6) (7,6)
  facet 519: (2,1) (2,2) (6,2) (7,2) (7,6)
  facet 520: (2,1) (6,1) (6,2) (7,2) (7,6)
  facet 521: (2,1) (6,1) (7,1) (7,2) (7,6)
  facet 522: (2,1) (2,5) (2,6) (6,6) (7,6)
  facet 523: (2,1) (2,5) (6,5) (6,6) (7,6)
  facet 524: (2,1) (6,1) (6,5) (6,6) (7,6)
  facet 525: (2,1) (2,5) (6,5) (7,5) (7,6)
  facet 526: (2,1) (6,1) (6,5) (7,5) (7,6)
  facet 527: (2,1) (6,1) (7,1) (7,5) (7,6)
  facet 534: (2,0) (2,4) (2,5) (6,5) (7,5)
  facet 535: (2,0) (2,4) (6,4) (6,5) (7,5)
  facet 536: (2,0) (6,0) (6,4) (6,5) (7,5)
  facet 537: (2,0) (2,4) (6,4) (7,4) (7,5)
  facet 538: (2,0) (6,0) (6,4) (7,4) (7,5)
  facet 539: (2,0) (6,0) (7,0) (7,4) (7,5)
  facet 540: (2,2) (2,3) (2,7) (6,7) (7,7)
  facet 541: (2,2) (2,3) (6,3) (6,7) (7,7)
  facet 542: (2,2) (6,2) (6,3) (6,7) (7,7)
  facet 543: (2,2) (2,3) (6,3) (7,3) (7,7)
  facet 544: (2,2) (6,2) (6,3) (7,3) (7,7)
  facet 545: (2,2) (6,2) (7,2) (7,3) (7,7)
  facet 546: (2,2) (2,6) (2,7) (6,7) (7,7)
  facet 547: (2,2) (2,6) (6,6) (6,7) (7,7)
  facet 548: (2,2) (6,2) (6,6) (6,7) (7,7)
  facet 549: (2,2) (2,6) (6,6) (7,6) (7,7)
  facet 550: (2,2) (6,2) (6,6) (7,6) (7,7)
  facet 551: (2,2) (6,2) (7,2) (7,6) (7,7)
  facet 552: (2,4) (2,5) (2,6) (6,6) (7,6)
  facet 553: (2,4) (2,5) (6,5) (6,6) (7,6)
  facet 554: (2,4) (6,4) (6,5) (6,6) (7,6)
  facet 555: (2,4) (2,5) (6,5) (7,5) (7,6)
  facet 556: (2,4) (6,4) (6,5) (7,5) (7,6)
  facet 557: (2,4) (6,4) (7,4) (7,5) (7,6)
  facet 558: (2,4) (2,6) (2,7) (6,7) (7,7)
  facet 559: (2,4) (2,6) (6,6) (6,7) (7,7)
  facet 560: (2,4) (6,4) (6,6) (6,7) (7,7)
  facet 561: (2,4) (2,6) (6,6) (7,6) (7,7)
  facet 562: (2,4) (6,4) (6,6) (7,6) (7,7)
  facet 563: (2,4) (6,4) (7,4) (7,6) (7,7)
  facet 576: (4,0) (4,3) (4,7) (5,7) (6,7)
  facet 577: (4,0) (4,3) (5,3) (5,7) (6,7)
  facet 578: (4,0) (5,0) (5,3) (5,7) (6,7)
  facet 579: (4,0) (4,3) (5,3) (6,3) (6,7)
  facet 580: (4,0) (5,0) (5,3) (6,3) (6,7)
  facet 581: (4,0) (5,0) (6,0) (6,3) (6,7)
  facet 582: (4,0) (4,4) (4,7) (5,7) (6,7)
  facet 583: (4,0) (4,4) (5,4) (5,7) (6,7)
  facet 584: (4,0) (5,0) (5,4) (5,7) (6,7)
  facet 585: (4,0) (4,4) (5,4) (6,4) (6,7)
  facet 586: (4,0) (5,0) (5,4) (6,4) (6,7)
  facet 587: (4,0) (5,0) (6,0) (6,4) (6,7)
  facet 588: (4,1) (4,2) (4,6) (5,6) (6,6)
  facet 589: (4,1) (4,2) (5,2) (5,6) (6,6)
  facet 590: (4,1) (5,1) (5,2) (5,6) (6,6)
  facet 591: (4,1) (4,2) (5,2) (6,2) (6,6)
  facet 592: (4,1) (5,1) (5,2) (6,2) (6,6)
  facet 593: (4,1) (5,1) (6,1) (6,2) (6,6)
  facet 594: (4,1) (4,5) (4,6) (5,6) (6,6)
  facet 595: (4,1) (4,5) (5,5) (5,6) (6,6)
  facet 596: (4,1) (5,1) (5,5) (5,6) (6,6)
  facet 597: (4,1) (4,5) (5,5) (6,5) (6,6)
  facet 606: (4,0) (4,4) (4,5) (5,5) (6,5)
  facet 607: (4,0) (4,4) (5,4) (5,5) (6,5)
  facet 608: (4,0) (5,0) (5,4) (5,5) (6,5)
  facet 609: (4,0) (4,4) (5,4) (6,4) (6,5)
  facet 610: (4,0) (5,0) (5,4) (6,4) (6,5)
  facet 611: (4,0) (5,0) (6,0) (6,4) (6,5)
  facet 612: (4,2) (4,3) (4,7) (5,7) (6,7)
  facet 613: (4,2) (4,3) (5,3) (5,7) (6,7)
  facet 614: (4,2) (5,2) (5,3) (5,7) (6,7)
  facet 615: (4,2) (4,3) (5,3) (6,3) (6,7)
  facet 616: (4,2) (5,2) (5,3) (6,3) (6,7)
  facet 617: (4,2) (5,2) (6,2) (6,3) (6,7)
  facet 618: (4,2) (4,6) (4,7) (5,7) (6,7)
  facet 619: (4,2) (4,6) (5,6) (5,7) (6,7)
  facet 620: (4,2) (5,2) (5,6) (5,7) (6,7)
  facet 621: (4,2) (4,6) (5,6) (6,6) (6,7)
  facet 622: (4,2) (5,2) (5,6) (6,6) (6,7)
  facet 623: (4,2) (5,2) (6,2) (6,6) (6,7)
  facet 624: (4,4) (4,5) (4,6) (5,6) (6,6)
  facet 625: (4,4) (4,5) (5,5) (5,6) (6,6)
  facet 626: (4,4) (5,4) (5,5) (5,6) (6,6)
  facet 627: (4,4) (4,5) (5,5) (6,5) (6,6)
  facet 628: (4,4) (5,4) (5,5) (6,5) (6,6)
  facet 629: (4,4) (5,4) (6,4) (6,5) (6,6)
  facet 630: (4,4) (4,6) (4,7) (5,7) (6,7)
  facet 631: (4,4) (4,6) (5,6) (5,7) (6,7)
  facet 632: (4,4) (5,4) (5,6) (5,7) (6,7)
  facet 633: (4,4) (4,6) (5,6) (6,6) (6,7)
  facet 634: (4,4) (5,4) (5,6) (6,6) (6,7)
  facet 635: (4,4) (5,4) (6,4) (6,6) (6,7)
  facet 648: (4,0) (4,3) (4,7) (6,7) (7,7)
  facet 649: (4,0) (4,3) (6,3) (6,7) (7,7)
  facet 650: (4,0) (6,0) (6,3) (6,7) (7,7)
  facet 651: (4,0) (4,3) (6,3) (7,3) (7,7)
  facet 652: (4,0) (6,0) (6,3) (7,3) (7,7)
  facet 653: (4,0) (6,0) (7,0) (7,3) (7,7)
  facet 654: (4,0) (4,4) (4,7) (6,7) (7,7)
  facet 655: (4,0) (4,4) (6,4) (6,7) (7,7)
  facet 656: (4,0) (6,0) (6,4) (6,7) (7,7)
  facet 657: (4,0) (4,4) (6,4) (7,4) (7,7)
  facet 658: (4,0) (6,0) (6,4) (7,4) (7,7)
  facet 659: (4,0) (6,0) (7,0) (7,4) (7,7)
  facet 660: (4,1) (4,2) (4,6) (6,6) (7,6)
  facet 661: (4,1) (4,2) (6,2) (6,6) (7,6)
  facet 662: (4,1) (6,1) (6,2) (6,6) (7,6)
  facet 663: (4,1) (4,2) (6,2) (7,2) (7,6)
  facet 664: (4,1) (6,1) (6,2) (7,2) (7,6)
  facet 665: (4,1) (6,1) (7,1) (7,2) (7,6)
  facet 666: (4,1) (4,5) (4,6) (6,6) (7,6)
  facet 667: (4,1) (4,5) (6,5) (6,6) (7,6)
  facet 668: (4,1) (6,1) (6,5) (6,6) (7,6)
  facet 669: (4,1) (4,5) (6,5) (7,5) (7,6)
  facet 670: (4,1) (6,1) (6,5) (7,5) (7,6)
  facet 671: (4,1) (6,1) (7,1) (7,5) (7,6)
  facet 678: (4,0) (4,4) (4,5) (6,5) (7,5)
  facet 679: (4,0) (4,4) (6,4) (6,5) (7,5)
  facet 680: (4,0) (6,0) (6,4) (6,5) (7,5)
  facet 681: (4,0) (4,4) (6,4) (7,4) (7,5)
  facet 682: (4,0) (6,0) (6,4) (7,4) (7,5)
  facet 683: (4,0) (6,0) (7,0) (7,4) (7,5)
  facet 684: (4,2) (4,3) (4,7) (6,7) (7,7)
  facet 685: (4,2) (4,3) (6,3) (6,7) (7,7)
  facet 686: (4,2) (6,2) (6,3) (6,7) (7,7)
  facet 687: (4,2) (4,3) (6,3) (7,3) (7,7)
  facet 688: (4,2) (6,2) (6,3) (7,3) (7,7)
  facet 689: (4,2) (6,2) (7,2) (7,3) (7,7)
  facet 690: (4,2) (4,6) (4,7) (6,7) (7,7)
  facet 691: (4,2) (4,6) (6,6) (6,7) (7,7)
  facet 692: (4,2) (6,2) (6,6) (6,7) (7,7)
  facet 693: (4,2) (4,6) (6,6) (7,6) (7,7)
  facet 694: (4,2) (6,2) (6,6) (7,6) (7,7)
  facet 695: (4,2) (6,2) (7,2) (7,6) (7,7)
  facet 696: (4,4) (4,5) (4,6) (6,6) (7,6)
  facet 697: (4,4) (4,5) (6,5) (6,6) (7,6)
  facet 698: (4,4) (6,4) (6,5) (6,6) (7,6)
  facet 699: (4,4) (4,5) (6,5) (7,5) (7,6)
  facet 700: (4,4) (6,4) (6,5) (7,5) (7,6)
  facet 701: (4,4) (6,4) (7,4) (7,5) (7,6)
  facet 702: (4,4) (4,6) (4,7) (6,7) (7,7)
  facet 703: (4,4) (4,6) (6,6) (6,7) (7,7)
  facet 704: (4,4) (6,4) (6,6) (6,7) (7,7)
  facet 705: (4,4) (4,6) (6,6) (7,6) (7,7)
  facet 706: (4,4) (6,4) (6,6) (7,6) (7,7)
  facet 707: (4,4) (6,4) (7,4) (7,6) (7,7)
--- domain 1  (236 facets) ---
  facet  24: (0,0) (0,1) (0,5) (3,5) (7,5)
  facet  25: (0,0) (0,1) (3,1) (3,5) (7,5)
  facet  26: (0,0) (3,0) (3,1) (3,5) (7,5)
  facet  27: (0,0) (0,1) (3,1) (7,1) (7,5)
  facet  28: (0,0) (3,0) (3,1) (7,1) (7,5)
  facet  29: (0,0) (3,0) (7,0) (7,1) (7,5)
  facet  60: (0,0) (0,1) (0,2) (3,2) (7,2)
  facet  61: (0,0) (0,1) (3,1) (3,2) (7,2)
  facet  62: (0,0) (3,0) (3,1) (3,2) (7,2)
  facet  63: (0,0) (0,1) (3,1) (7,1) (7,2)
  facet  64: (0,0) (3,0) (3,1) (7,1) (7,2)
  facet  65: (0,0) (3,0) (7,0) (7,1) (7,2)
  facet  66: (0,0) (0,2) (0,3) (3,3) (7,3)
  facet  67: (0,0) (0,2) (3,2) (3,3) (7,3)
  facet  68: (0,0) (3,0) (3,2) (3,3) (7,3)
  facet  69: (0,0) (0,2) (3,2) (7,2) (7,3)
  facet  70: (0,0) (3,0) (3,2) (7,2) (7,3)
  facet  71: (0,0) (3,0) (7,0) (7,2) (7,3)
  facet  96: (0,0) (0,1) (0,5) (4,5) (7,5)
  facet  97: (0,0) (0,1) (4,1) (4,5) (7,5)
  facet  98: (0,0) (4,0) (4,1) (4,5) (7,5)
  facet  99: (0,0) (0,1) (4,1) (7,1) (7,5)
  facet 100: (0,0) (4,0) (4,1) (7,1) (7,5)
  facet 101: (0,0) (4,0) (7,0) (7,1) (7,5)
  facet 132: (0,0) (0,1) (0,2) (4,2) (7,2)
  facet 133: (0,0) (0,1) (4,1) (4,2) (7,2)
  facet 134: (0,0) (4,0) (4,1) (4,2) (7,2)
  facet 135: (0,0) (0,1) (4,1) (7,1) (7,2)
  facet 136: (0,0) (4,0) (4,1) (7,1) (7,2)
  facet 137: (0,0) (4,0) (7,0) (7,1) (7,2)
  facet 138: (0,0) (0,2) (0,3) (4,3) (7,3)
  facet 139: (0,0) (0,2) (4,2) (4,3) (7,3)
  facet 140: (0,0) (4,0) (4,2) (4,3) (7,3)
  facet 141: (0,0) (0,2) (4,2) (7,2) (7,3)
  facet 142: (0,0) (4,0) (4,2) (7,2) (7,3)
  facet 143: (0,0) (4,0) (7,0) (7,2) (7,3)
  facet 288: (0,0) (0,3) (0,7) (1,7) (5,7)
  facet 289: (0,0) (0,3) (1,3) (1,7) (5,7)
  facet 290: (0,0) (1,0) (1,3) (1,7) (5,7)
  facet 291: (0,0) (0,3) (1,3) (5,3) (5,7)
  facet 292: (0,0) (1,0) (1,3) (5,3) (5,7)
  facet 293: (0,0) (1,0) (5,0) (5,3) (5,7)
  facet 294: (0,0) (0,4) (0,7) (1,7) (5,7)
  facet 295: (0,0) (0,4) (1,4) (1,7) (5,7)
  facet 296: (0,0) (1,0) (1,4) (1,7) (5,7)
  facet 297: (0,0) (0,4) (1,4) (5,4) (5,7)
  facet 298: (0,0) (1,0) (1,4) (5,4) (5,7)
  facet 299: (0,0) (1,0) (5,0) (5,4) (5,7)
  facet 306: (0,1) (0,5) (0,6) (1,6) (5,6)
  facet 307: (0,1) (0,5) (1,5) (1,6) (5,6)
  facet 308: (0,1) (1,1) (1,5) (1,6) (5,6)
  facet 309: (0,1) (0,5) (1,5) (5,5) (5,6)
  facet 310: (0,1) (1,1) (1,5) (5,5) (5,6)
  facet 311: (0,1) (1,1) (5,1) (5,5) (5,6)
  facet 312: (0,0) (0,1) (0,5) (1,5) (5,5)
  facet 313: (0,0) (0,1) (1,1) (1,5) (5,5)
  facet 314: (0,0) (1,0) (1,1) (1,5) (5,5)
  facet 315: (0,0) (0,1) (1,1) (5,1) (5,5)
  facet 316: (0,0) (1,0) (1,1) (5,1) (5,5)
  facet 317: (0,0) (1,0) (5,0) (5,1) (5,5)
  facet 318: (0,0) (0,4) (0,5) (1,5) (5,5)
  facet 319: (0,0) (0,4) (1,4) (1,5) (5,5)
  facet 320: (0,0) (1,0) (1,4) (1,5) (5,5)
  facet 321: (0,0) (0,4) (1,4) (5,4) (5,5)
  facet 322: (0,0) (1,0) (1,4) (5,4) (5,5)
  facet 323: (0,0) (1,0) (5,0) (5,4) (5,5)
  facet 336: (0,4) (0,5) (0,6) (1,6) (5,6)
  facet 337: (0,4) (0,5) (1,5) (1,6) (5,6)
  facet 338: (0,4) (1,4) (1,5) (1,6) (5,6)
  facet 339: (0,4) (0,5) (1,5) (5,5) (5,6)
  facet 340: (0,4) (1,4) (1,5) (5,5) (5,6)
  facet 341: (0,4) (1,4) (5,4) (5,5) (5,6)
  facet 348: (0,0) (0,1) (0,2) (1,2) (5,2)
  facet 349: (0,0) (0,1) (1,1) (1,2) (5,2)
  facet 350: (0,0) (1,0) (1,1) (1,2) (5,2)
  facet 351: (0,0) (0,1) (1,1) (5,1) (5,2)
  facet 352: (0,0) (1,0) (1,1) (5,1) (5,2)
  facet 353: (0,0) (1,0) (5,0) (5,1) (5,2)
  facet 354: (0,0) (0,2) (0,3) (1,3) (5,3)
  facet 355: (0,0) (0,2) (1,2) (1,3) (5,3)
  facet 356: (0,0) (1,0) (1,2) (1,3) (5,3)
  facet 357: (0,0) (0,2) (1,2) (5,2) (5,3)
  facet 358: (0,0) (1,0) (1,2) (5,2) (5,3)
  facet 359: (0,0) (1,0) (5,0) (5,2) (5,3)
  facet 384: (0,0) (0,1) (0,5) (4,5) (5,5)
  facet 385: (0,0) (0,1) (4,1) (4,5) (5,5)
  facet 386: (0,0) (4,0) (4,1) (4,5) (5,5)
  facet 387: (0,0) (0,1) (4,1) (5,1) (5,5)
  facet 388: (0,0) (4,0) (4,1) (5,1) (5,5)
  facet 389: (0,0) (4,0) (5,0) (5,1) (5,5)
  facet 420: (0,0) (0,1) (0,2) (4,2) (5,2)
  facet 421: (0,0) (0,1) (4,1) (4,2) (5,2)
  facet 422: (0,0) (4,0) (4,1) (4,2) (5,2)
  facet 423: (0,0) (0,1) (4,1) (5,1) (5,2)
  facet 424: (0,0) (4,0) (4,1) (5,1) (5,2)
  facet 425: (0,0) (4,0) (5,0) (5,1) (5,2)
  facet 426: (0,0) (0,2) (0,3) (4,3) (5,3)
  facet 427: (0,0) (0,2) (4,2) (4,3) (5,3)
  facet 428: (0,0) (4,0) (4,2) (4,3) (5,3)
  facet 429: (0,0) (0,2) (4,2) (5,2) (5,3)
  facet 430: (0,0) (4,0) (4,2) (5,2) (5,3)
  facet 431: (0,0) (4,0) (5,0) (5,2) (5,3)
  facet 598: (4,1) (5,1) (5,5) (6,5) (6,6)
  facet 599: (4,1) (5,1) (6,1) (6,5) (6,6)
  facet 600: (4,0) (4,1) (4,5) (5,5) (6,5)
  facet 601: (4,0) (4,1) (5,1) (5,5) (6,5)
  facet 602: (4,0) (5,0) (5,1) (5,5) (6,5)
  facet 603: (4,0) (4,1) (5,1) (6,1) (6,5)
  facet 604: (4,0) (5,0) (5,1) (6,1) (6,5)
  facet 605: (4,0) (5,0) (6,0) (6,1) (6,5)
  facet 636: (4,0) (4,1) (4,2) (5,2) (6,2)
  facet 637: (4,0) (4,1) (5,1) (5,2) (6,2)
  facet 638: (4,0) (5,0) (5,1) (5,2) (6,2)
  facet 639: (4,0) (4,1) (5,1) (6,1) (6,2)
  facet 640: (4,0) (5,0) (5,1) (6,1) (6,2)
  facet 641: (4,0) (5,0) (6,0) (6,1) (6,2)
  facet 642: (4,0) (4,2) (4,3) (5,3) (6,3)
  facet 643: (4,0) (4,2) (5,2) (5,3) (6,3)
  facet 644: (4,0) (5,0) (5,2) (5,3) (6,3)
  facet 645: (4,0) (4,2) (5,2) (6,2) (6,3)
  facet 646: (4,0) (5,0) (5,2) (6,2) (6,3)
  facet 647: (4,0) (5,0) (6,0) (6,2) (6,3)
  facet 672: (4,0) (4,1) (4,5) (6,5) (7,5)
  facet 673: (4,0) (4,1) (6,1) (6,5) (7,5)
  facet 674: (4,0) (6,0) (6,1) (6,5) (7,5)
  facet 675: (4,0) (4,1) (6,1) (7,1) (7,5)
  facet 676: (4,0) (6,0) (6,1) (7,1) (7,5)
  facet 677: (4,0) (6,0) (7,0) (7,1) (7,5)
  facet 708: (4,0) (4,1) (4,2) (6,2) (7,2)
  facet 709: (4,0) (4,1) (6,1) (6,2) (7,2)
  facet 710: (4,0) (6,0) (6,1) (6,2) (7,2)
  facet 711: (4,0) (4,1) (6,1) (7,1) (7,2)
  facet 712: (4,0) (6,0) (6,1) (7,1) (7,2)
  facet 713: (4,0) (6,0) (7,0) (7,1) (7,2)
  facet 714: (4,0) (4,2) (4,3) (6,3) (7,3)
  facet 715: (4,0) (4,2) (6,2) (6,3) (7,3)
  facet 716: (4,0) (6,0) (6,2) (6,3) (7,3)
  facet 717: (4,0) (4,2) (6,2) (7,2) (7,3)
  facet 718: (4,0) (6,0) (6,2) (7,2) (7,3)
  facet 719: (4,0) (6,0) (7,0) (7,2) (7,3)
  facet 720: (0,0) (0,3) (0,7) (1,7) (2,7)
  facet 721: (0,0) (0,3) (1,3) (1,7) (2,7)
  facet 722: (0,0) (1,0) (1,3) (1,7) (2,7)
  facet 723: (0,0) (0,3) (1,3) (2,3) (2,7)
  facet 724: (0,0) (1,0) (1,3) (2,3) (2,7)
  facet 725: (0,0) (1,0) (2,0) (2,3) (2,7)
  facet 726: (0,0) (0,4) (0,7) (1,7) (2,7)
  facet 727: (0,0) (0,4) (1,4) (1,7) (2,7)
  facet 728: (0,0) (1,0) (1,4) (1,7) (2,7)
  facet 729: (0,0) (0,4) (1,4) (2,4) (2,7)
  facet 730: (0,0) (1,0) (1,4) (2,4) (2,7)
  facet 731: (0,0) (1,0) (2,0) (2,4) (2,7)
  facet 738: (0,1) (0,5) (0,6) (1,6) (2,6)
  facet 739: (0,1) (0,5) (1,5) (1,6) (2,6)
  facet 740: (0,1) (1,1) (1,5) (1,6) (2,6)
  facet 741: (0,1) (0,5) (1,5) (2,5) (2,6)
  facet 742: (0,1) (1,1) (1,5) (2,5) (2,6)
  facet 743: (0,1) (1,1) (2,1) (2,5) (2,6)
  facet 744: (0,0) (0,1) (0,5) (1,5) (2,5)
  facet 745: (0,0) (0,1) (1,1) (1,5) (2,5)
  facet 746: (0,0) (1,0) (1,1) (1,5) (2,5)
  facet 747: (0,0) (0,1) (1,1) (2,1) (2,5)
  facet 748: (0,0) (1,0) (1,1) (2,1) (2,5)
  facet 749: (0,0) (1,0) (2,0) (2,1) (2,5)
  facet 750: (0,0) (0,4) (0,5) (1,5) (2,5)
  facet 751: (0,0) (0,4) (1,4) (1,5) (2,5)
  facet 752: (0,0) (1,0) (1,4) (1,5) (2,5)
  facet 753: (0,0) (0,4) (1,4) (2,4) (2,5)
  facet 754: (0,0) (1,0) (1,4) (2,4) (2,5)
  facet 755: (0,0) (1,0) (2,0) (2,4) (2,5)
  facet 768: (0,4) (0,5) (0,6) (1,6) (2,6)
  facet 769: (0,4) (0,5) (1,5) (1,6) (2,6)
  facet 770: (0,4) (1,4) (1,5) (1,6) (2,6)
  facet 771: (0,4) (0,5) (1,5) (2,5) (2,6)
  facet 772: (0,4) (1,4) (1,5) (2,5) (2,6)
  facet 773: (0,4) (1,4) (2,4) (2,5) (2,6)
  facet 780: (0,0) (0,1) (0,2) (1,2) (2,2)
  facet 781: (0,0) (0,1) (1,1) (1,2) (2,2)
  facet 782: (0,0) (1,0) (1,1) (1,2) (2,2)
  facet 783: (0,0) (0,1) (1,1) (2,1) (2,2)
  facet 784: (0,0) (1,0) (1,1) (2,1) (2,2)
  facet 785: (0,0) (1,0) (2,0) (2,1) (2,2)
  facet 786: (0,0) (0,2) (0,3) (1,3) (2,3)
  facet 787: (0,0) (0,2) (1,2) (1,3) (2,3)
  facet 788: (0,0) (1,0) (1,2) (1,3) (2,3)
  facet 789: (0,0) (0,2) (1,2) (2,2) (2,3)
  facet 790: (0,0) (1,0) (1,2) (2,2) (2,3)
  facet 791: (0,0) (1,0) (2,0) (2,2) (2,3)
  facet 792: (0,0) (0,3) (0,7) (2,7) (3,7)
  facet 793: (0,0) (0,3) (2,3) (2,7) (3,7)
  facet 794: (0,0) (2,0) (2,3) (2,7) (3,7)
  facet 795: (0,0) (0,3) (2,3) (3,3) (3,7)
  facet 796: (0,0) (2,0) (2,3) (3,3) (3,7)
  facet 797: (0,0) (2,0) (3,0) (3,3) (3,7)
  facet 798: (0,0) (0,4) (0,7) (2,7) (3,7)
  facet 799: (0,0) (0,4) (2,4) (2,7) (3,7)
  facet 800: (0,0) (2,0) (2,4) (2,7) (3,7)
  facet 801: (0,0) (0,4) (2,4) (3,4) (3,7)
  facet 802: (0,0) (2,0) (2,4) (3,4) (3,7)
  facet 803: (0,0) (2,0) (3,0) (3,4) (3,7)
  facet 810: (0,1) (0,5) (0,6) (2,6) (3,6)
  facet 811: (0,1) (0,5) (2,5) (2,6) (3,6)
  facet 812: (0,1) (2,1) (2,5) (2,6) (3,6)
  facet 813: (0,1) (0,5) (2,5) (3,5) (3,6)
  facet 814: (0,1) (2,1) (2,5) (3,5) (3,6)
  facet 815: (0,1) (2,1) (3,1) (3,5) (3,6)
  facet 816: (0,0) (0,1) (0,5) (2,5) (3,5)
  facet 817: (0,0) (0,1) (2,1) (2,5) (3,5)
  facet 818: (0,0) (2,0) (2,1) (2,5) (3,5)
  facet 819: (0,0) (0,1) (2,1) (3,1) (3,5)
  facet 820: (0,0) (2,0) (2,1) (3,1) (3,5)
  facet 821: (0,0) (2,0) (3,0) (3,1) (3,5)
  facet 822: (0,0) (0,4) (0,5) (2,5) (3,5)
  facet 823: (0,0) (0,4) (2,4) (2,5) (3,5)
  facet 824: (0,0) (2,0) (2,4) (2,5) (3,5)
  facet 825: (0,0) (0,4) (2,4) (3,4) (3,5)
  facet 826: (0,0) (2,0) (2,4) (3,4) (3,5)
  facet 827: (0,0) (2,0) (3,0) (3,4) (3,5)
  facet 840: (0,4) (0,5) (0,6) (2,6) (3,6)
  facet 841: (0,4) (0,5) (2,5) (2,6) (3,6)
  facet 842: (0,4) (2,4) (2,5) (2,6) (3,6)
  facet 843: (0,4) (0,5) (2,5) (3,5) (3,6)
  facet 844: (0,4) (2,4) (2,5) (3,5) (3,6)
  facet 845: (0,4) (2,4) (3,4) (3,5) (3,6)
  facet 852: (0,0) (0,1) (0,2) (2,2) (3,2)
  facet 853: (0,0) (0,1) (2,1) (2,2) (3,2)
  facet 854: (0,0) (2,0) (2,1) (2,2) (3,2)
  facet 855: (0,0) (0,1) (2,1) (3,1) (3,2)
  facet 856: (0,0) (2,0) (2,1) (3,1) (3,2)
  facet 857: (0,0) (2,0) (3,0) (3,1) (3,2)
  facet 858: (0,0) (0,2) (0,3) (2,3) (3,3)
  facet 859: (0,0) (0,2) (2,2) (2,3) (3,3)
  facet 860: (0,0) (2,0) (2,2) (2,3) (3,3)
  facet 861: (0,0) (0,2) (2,2) (3,2) (3,3)
  facet 862: (0,0) (2,0) (2,2) (3,2) (3,3)
  facet 863: (0,0) (2,0) (3,0) (3,2) (3,3)
--- domain 2  (146 facets) ---
  facet 168: (1,0) (1,1) (1,5) (2,5) (6,5)
  facet 169: (1,0) (1,1) (2,1) (2,5) (6,5)
  facet 170: (1,0) (2,0) (2,1) (2,5) (6,5)
  facet 171: (1,0) (1,1) (2,1) (6,1) (6,5)
  facet 172: (1,0) (2,0) (2,1) (6,1) (6,5)
  facet 173: (1,0) (2,0) (6,0) (6,1) (6,5)
  facet 204: (1,0) (1,1) (1,2) (2,2) (6,2)
  facet 205: (1,0) (1,1) (2,1) (2,2) (6,2)
  facet 206: (1,0) (2,0) (2,1) (2,2) (6,2)
  facet 207: (1,0) (1,1) (2,1) (6,1) (6,2)
  facet 208: (1,0) (2,0) (2,1) (6,1) (6,2)
  facet 209: (1,0) (2,0) (6,0) (6,1) (6,2)
  facet 210: (1,0) (1,2) (1,3) (2,3) (6,3)
  facet 211: (1,0) (1,2) (2,2) (2,3) (6,3)
  facet 212: (1,0) (2,0) (2,2) (2,3) (6,3)
  facet 213: (1,0) (1,2) (2,2) (6,2) (6,3)
  facet 214: (1,0) (2,0) (2,2) (6,2) (6,3)
  facet 215: (1,0) (2,0) (6,0) (6,2) (6,3)
  facet 238: (1,1) (5,1) (5,5) (6,5) (6,6)
  facet 239: (1,1) (5,1) (6,1) (6,5) (6,6)
  facet 240: (1,0) (1,1) (1,5) (5,5) (6,5)
  facet 241: (1,0) (1,1) (5,1) (5,5) (6,5)
  facet 242: (1,0) (5,0) (5,1) (5,5) (6,5)
  facet 243: (1,0) (1,1) (5,1) (6,1) (6,5)
  facet 244: (1,0) (5,0) (5,1) (6,1) (6,5)
  facet 245: (1,0) (5,0) (6,0) (6,1) (6,5)
  facet 276: (1,0) (1,1) (1,2) (5,2) (6,2)
  facet 277: (1,0) (1,1) (5,1) (5,2) (6,2)
  facet 278: (1,0) (5,0) (5,1) (5,2) (6,2)
  facet 279: (1,0) (1,1) (5,1) (6,1) (6,2)
  facet 280: (1,0) (5,0) (5,1) (6,1) (6,2)
  facet 281: (1,0) (5,0) (6,0) (6,1) (6,2)
  facet 282: (1,0) (1,2) (1,3) (5,3) (6,3)
  facet 283: (1,0) (1,2) (5,2) (5,3) (6,3)
  facet 284: (1,0) (5,0) (5,2) (5,3) (6,3)
  facet 285: (1,0) (1,2) (5,2) (6,2) (6,3)
  facet 286: (1,0) (5,0) (5,2) (6,2) (6,3)
  facet 287: (1,0) (5,0) (6,0) (6,2) (6,3)
  facet 300: (0,1) (0,2) (0,6) (1,6) (5,6)
  facet 301: (0,1) (0,2) (1,2) (1,6) (5,6)
  facet 302: (0,1) (1,1) (1,2) (1,6) (5,6)
  facet 303: (0,1) (0,2) (1,2) (5,2) (5,6)
  facet 304: (0,1) (1,1) (1,2) (5,2) (5,6)
  facet 305: (0,1) (1,1) (5,1) (5,2) (5,6)
  facet 324: (0,2) (0,3) (0,7) (1,7) (5,7)
  facet 325: (0,2) (0,3) (1,3) (1,7) (5,7)
  facet 326: (0,2) (1,2) (1,3) (1,7) (5,7)
  facet 327: (0,2) (0,3) (1,3) (5,3) (5,7)
  facet 328: (0,2) (1,2) (1,3) (5,3) (5,7)
  facet 329: (0,2) (1,2) (5,2) (5,3) (5,7)
  facet 330: (0,2) (0,6) (0,7) (1,7) (5,7)
  facet 331: (0,2) (0,6) (1,6) (1,7) (5,7)
  facet 332: (0,2) (1,2) (1,6) (1,7) (5,7)
  facet 333: (0,2) (0,6) (1,6) (5,6) (5,7)
  facet 334: (0,2) (1,2) (1,6) (5,6) (5,7)
  facet 335: (0,2) (1,2) (5,2) (5,6) (5,7)
  facet 342: (0,4) (0,6) (0,7) (1,7) (5,7)
  facet 343: (0,4) (0,6) (1,6) (1,7) (5,7)
  facet 344: (0,4) (1,4) (1,6) (1,7) (5,7)
  facet 345: (0,4) (0,6) (1,6) (5,6) (5,7)
  facet 346: (0,4) (1,4) (1,6) (5,6) (5,7)
  facet 347: (0,4) (1,4) (5,4) (5,6) (5,7)
  facet 456: (2,0) (2,1) (2,5) (3,5) (7,5)
  facet 457: (2,0) (2,1) (3,1) (3,5) (7,5)
  facet 458: (2,0) (3,0) (3,1) (3,5) (7,5)
  facet 459: (2,0) (2,1) (3,1) (7,1) (7,5)
  facet 460: (2,0) (3,0) (3,1) (7,1) (7,5)
  facet 461: (2,0) (3,0) (7,0) (7,1) (7,5)
  facet 492: (2,0) (2,1) (2,2) (3,2) (7,2)
  facet 493: (2,0) (2,1) (3,1) (3,2) (7,2)
  facet 494: (2,0) (3,0) (3,1) (3,2) (7,2)
  facet 495: (2,0) (2,1) (3,1) (7,1) (7,2)
  facet 496: (2,0) (3,0) (3,1) (7,1) (7,2)
  facet 497: (2,0) (3,0) (7,0) (7,1) (7,2)
  facet 498: (2,0) (2,2) (2,3) (3,3) (7,3)
  facet 499: (2,0) (2,2) (3,2) (3,3) (7,3)
  facet 500: (2,0) (3,0) (3,2) (3,3) (7,3)
  facet 501: (2,0) (2,2) (3,2) (7,2) (7,3)
  facet 502: (2,0) (3,0) (3,2) (7,2) (7,3)
  facet 503: (2,0) (3,0) (7,0) (7,2) (7,3)
  facet 528: (2,0) (2,1) (2,5) (6,5) (7,5)
  facet 529: (2,0) (2,1) (6,1) (6,5) (7,5)
  facet 530: (2,0) (6,0) (6,1) (6,5) (7,5)
  facet 531: (2,0) (2,1) (6,1) (7,1) (7,5)
  facet 532: (2,0) (6,0) (6,1) (7,1) (7,5)
  facet 533: (2,0) (6,0) (7,0) (7,1) (7,5)
  facet 564: (2,0) (2,1) (2,2) (6,2) (7,2)
  facet 565: (2,0) (2,1) (6,1) (6,2) (7,2)
  facet 566: (2,0) (6,0) (6,1) (6,2) (7,2)
  facet 567: (2,0) (2,1) (6,1) (7,1) (7,2)
  facet 568: (2,0) (6,0) (6,1) (7,1) (7,2)
  facet 569: (2,0) (6,0) (7,0) (7,1) (7,2)
  facet 570: (2,0) (2,2) (2,3) (6,3) (7,3)
  facet 571: (2,0) (2,2) (6,2) (6,3) (7,3)
  facet 572: (2,0) (6,0) (6,2) (6,3) (7,3)
  facet 573: (2,0) (2,2) (6,2) (7,2) (7,3)
  facet 574: (2,0) (6,0) (6,2) (7,2) (7,3)
  facet 575: (2,0) (6,0) (7,0) (7,2) (7,3)
  facet 732: (0,1) (0,2) (0,6) (1,6) (2,6)
  facet 733: (0,1) (0,2) (1,2) (1,6) (2,6)
  facet 734: (0,1) (1,1) (1,2) (1,6) (2,6)
  facet 735: (0,1) (0,2) (1,2) (2,2) (2,6)
  facet 736: (0,1) (1,1) (1,2) (2,2) (2,6)
  facet 737: (0,1) (1,1) (2,1) (2,2) (2,6)
  facet 756: (0,2) (0,3) (0,7) (1,7) (2,7)
  facet 757: (0,2) (0,3) (1,3) (1,7) (2,7)
  facet 758: (0,2) (1,2) (1,3) (1,7) (2,7)
  facet 759: (0,2) (0,3) (1,3) (2,3) (2,7)
  facet 760: (0,2) (1,2) (1,3) (2,3) (2,7)
  facet 761: (0,2) (1,2) (2,2) (2,3) (2,7)
  facet 762: (0,2) (0,6) (0,7) (1,7) (2,7)
  facet 763: (0,2) (0,6) (1,6) (1,7) (2,7)
  facet 764: (0,2) (1,2) (1,6) (1,7) (2,7)
  facet 765: (0,2) (0,6) (1,6) (2,6) (2,7)
  facet 766: (0,2) (1,2) (1,6) (2,6) (2,7)
  facet 767: (0,2) (1,2) (2,2) (2,6) (2,7)
  facet 774: (0,4) (0,6) (0,7) (1,7) (2,7)
  facet 775: (0,4) (0,6) (1,6) (1,7) (2,7)
  facet 776: (0,4) (1,4) (1,6) (1,7) (2,7)
  facet 777: (0,4) (0,6) (1,6) (2,6) (2,7)
  facet 778: (0,4) (1,4) (1,6) (2,6) (2,7)
  facet 779: (0,4) (1,4) (2,4) (2,6) (2,7)
  facet 804: (0,1) (0,2) (0,6) (2,6) (3,6)
  facet 805: (0,1) (0,2) (2,2) (2,6) (3,6)
  facet 806: (0,1) (2,1) (2,2) (2,6) (3,6)
  facet 807: (0,1) (0,2) (2,2) (3,2) (3,6)
  facet 808: (0,1) (2,1) (2,2) (3,2) (3,6)
  facet 809: (0,1) (2,1) (3,1) (3,2) (3,6)
  facet 828: (0,2) (0,3) (0,7) (2,7) (3,7)
  facet 829: (0,2) (0,3) (2,3) (2,7) (3,7)
  facet 830: (0,2) (2,2) (2,3) (2,7) (3,7)
  facet 831: (0,2) (0,3) (2,3) (3,3) (3,7)
  facet 832: (0,2) (2,2) (2,3) (3,3) (3,7)
  facet 833: (0,2) (2,2) (3,2) (3,3) (3,7)
  facet 834: (0,2) (0,6) (0,7) (2,7) (3,7)
  facet 835: (0,2) (0,6) (2,6) (2,7) (3,7)
  facet 836: (0,2) (2,2) (2,6) (2,7) (3,7)
  facet 837: (0,2) (0,6) (2,6) (3,6) (3,7)
  facet 838: (0,2) (2,2) (2,6) (3,6) (3,7)
  facet 839: (0,2) (2,2) (3,2) (3,6) (3,7)
  facet 846: (0,4) (0,6) (0,7) (2,7) (3,7)
  facet 847: (0,4) (0,6) (2,6) (2,7) (3,7)
  facet 848: (0,4) (2,4) (2,6) (2,7) (3,7)
  facet 849: (0,4) (0,6) (2,6) (3,6) (3,7)
  facet 850: (0,4) (2,4) (2,6) (3,6) (3,7)
  facet 851: (0,4) (2,4) (3,4) (3,6) (3,7)
