Planner chains (chain-first GPU annealer, then Algorithm 2 reduce)

=== domain 0: 482 facets ===
  reduced chain: 6 maps
  map 0:
    0 0 0 0 0 0 0 0
    1 1 1 1 1 1 1 1
    2 2 2 2 2 2 2 2
    3 3 3 3 3 3 3 3
    4 4 4 4 4 4 4 4
    5 5 5 5 5 5 5 5
    6 6 6 6 6 6 6 6
    7 7 7 7 7 7 7 7
  map 1:
    0 0 0 0 0 0 0 0
    6 6 6 6 6 6 6 6
    2 2 2 2 2 2 2 2
    7 7 7 7 7 7 7 7
    4 4 4 4 4 4 4 4
    5 5 5 5 5 5 5 5
    6 6 6 6 6 6 6 6
    7 7 7 7 7 7 7 7
  map 2:
    4 4 4 4 4 4 4 4
    6 6 6 6 6 6 6 6
    7 7 6 7 6 7 7 7
    7 7 7 7 7 7 7 7
    4 4 4 4 4 4 4 4
    4 5 4 4 4 5 4 4
    6 6 6 6 6 6 6 6
    7 7 7 7 7 7 7 7
  map 3:
    4 6 7 7 4 4 6 7
    4 6 6 7 4 4 6 7
    4 6 6 7 4 4 6 7
    4 6 7 7 4 4 6 7
    4 6 7 7 4 4 6 7
    4 6 6 7 4 5 6 7
    4 6 6 7 4 4 6 7
    4 6 7 7 4 4 6 7
  map 4:
    0 6 2 7 4 5 6 7
    0 6 2 7 4 5 6 7
    0 6 2 7 4 5 6 7
    0 6 2 7 4 5 6 7
    0 6 2 7 4 5 6 7
    0 1 2 7 4 5 6 7
    0 6 2 7 4 5 6 7
    0 6 2 7 4 5 6 7
  map 5:
    0 1 2 3 4 5 6 7
    0 1 2 3 4 5 6 7
    0 1 2 3 4 5 6 7
    0 1 2 3 4 5 6 7
    0 1 2 3 4 5 6 7
    0 1 2 3 4 5 6 7
    0 1 2 3 4 5 6 7
    0 1 2 3 4 5 6 7

=== domain 1: 236 facets ===
  reduced chain: 6 maps
  map 0:
    0 0 0 0 0 0 0 0
    1 1 1 1 1 1 1 1
    2 2 2 2 2 2 2 2
    3 3 3 3 3 3 3 3
    4 4 4 4 @ 4 @ @
    5 5 5 5 5 5 5 5
    6 6 6 6 @ 6 6 @
    7 7 7 7 @ 7 @ @
  map 1:
    0 0 0 0 0 0 0 0
    0 0 0 0 0 0 0 0
    0 0 0 0 0 0 0 0
    0 0 3 3 0 0 0 0
    4 4 4 4 @ 4 @ @
    5 5 5 5 5 5 5 5
    4 4 4 4 @ 4 4 @
    7 7 7 7 @ 7 @ @
  map 2:
    0 0 0 0 0 0 0 0
    0 4 0 4 4 5 0 0
    0 0 0 7 4 0 0 0
    0 0 0 3 0 4 0 0
    4 0 0 0 @ 4 @ @
    0 4 0 4 4 5 5 4
    0 4 4 0 @ 4 0 @
    0 0 0 7 @ 0 @ @
  map 3:
    0 0 0 0 4 5 0 0
    0 0 0 0 4 5 5 0
    0 5 0 0 4 0 5 0
    0 0 0 3 4 5 5 0
    0 0 0 0 @ 5 @ @
    0 5 0 0 0 5 5 0
    0 5 0 0 @ 5 0 @
    0 5 0 7 @ 5 @ @
  map 4:
    0 1 0 3 4 5 5 0
    0 1 0 3 4 5 5 0
    0 1 0 3 4 5 5 0
    0 1 0 3 4 5 5 0
    0 1 0 3 @ 5 @ @
    0 1 0 3 4 5 5 0
    0 1 0 3 @ 5 5 @
    0 1 0 3 @ 5 @ @
  map 5:
    0 1 2 3 4 5 6 7
    0 1 2 3 4 5 6 7
    0 1 2 3 4 5 6 7
    0 1 2 3 4 5 6 7
    0 1 2 3 @ 5 @ @
    0 1 2 3 4 5 6 7
    0 1 2 3 @ 5 6 @
    0 1 2 3 @ 5 @ @

=== domain 2: 146 facets ===
  reduced chain: 5 maps
  map 0:
    @ 0 0 0 0 @ 0 0
    1 1 1 1 1 1 1 1
    2 2 2 2 2 2 2 2
    3 3 3 3 3 3 3 3
    @ @ @ @ @ @ @ @
    5 5 5 5 5 5 5 5
    6 6 6 6 @ 6 6 @
    7 7 7 7 @ 7 @ @
  map 1:
    @ 0 0 0 0 @ 0 0
    1 1 1 1 1 1 1 1
    2 2 2 2 2 2 2 2
    3 3 3 3 3 3 3 3
    @ @ @ @ @ @ @ @
    1 1 1 1 1 1 1 1
    6 6 6 6 @ 6 6 @
    7 7 7 7 @ 7 @ @
  map 2:
    @ 2 2 2 2 @ 2 2
    2 1 2 2 2 1 2 2
    2 2 2 2 2 2 2 2
    2 2 2 3 2 2 2 2
    @ @ @ @ @ @ @ @
    2 2 2 2 2 1 2 2
    2 2 2 2 @ 2 6 @
    2 2 2 2 @ 2 @ @
  map 3:
    @ 1 2 3 7 @ 6 7
    0 1 2 3 7 1 6 7
    0 1 2 3 7 1 6 7
    0 1 2 3 6 1 6 7
    @ @ @ @ @ @ @ @
    0 1 2 3 7 1 6 7
    0 1 2 3 @ 1 6 @
    0 1 2 3 @ 0 @ @
  map 4:
    @ 1 2 3 4 @ 6 7
    0 1 2 3 4 5 6 7
    0 1 2 3 4 5 6 7
    0 1 2 3 4 5 6 7
    @ @ @ @ @ @ @ @
    0 1 2 3 4 5 6 7
    0 1 2 3 @ 5 6 @
    0 1 2 3 @ 5 @ @

